docId,sentenceId,tokenId,text,lemma,calcLemma,upos,xpos,ner,clID,calcNER
sl-8,0,1,Slavje,,slavje,Ncnsa,NOUN,O,,O
sl-8,0,2,ob,,ob,Sl,ADP,O,,O
sl-8,0,3,70.,,70.,Mdo,NUM,O,,O
sl-8,0,4,obletnici,,obletnica,Ncfsl,NOUN,O,,O
sl-8,0,5,Nata,NATO,Nato,Npmsg,PROPN,B-ORG,ORG-NATO,B-ORG
sl-8,0,6,skazili,,skaziti,Vmep-pm,VERB,O,,O
sl-8,0,7,prepiri,,prepir,Ncmpn,NOUN,O,,O
sl-8,0,8,ZDA,ZDA,ZDA,Npfpg,PROPN,B-LOC,GPE-USA,B-LOC
sl-8,0,9,z,,z,Si,ADP,O,,O
sl-8,0,10,Nemčijo,Nemčija,Nemčija,Npfsi,PROPN,B-LOC,GPE-Germany,B-LOC
sl-8,0,11,in,,in,Cc,CCONJ,O,,O
sl-8,0,12,Turčijo,Turčija,Turčija,Npfsi,PROPN,B-LOC,GPE-Turkey,B-LOC
sl-8,1,1,Generalni,,generalen,Agpmsny,ADJ,O,,O
sl-8,1,2,sekretar,,sekretar,Ncmsn,NOUN,O,,O
sl-8,1,3,zveze,,zveza,Ncfsg,NOUN,O,,O
sl-8,1,4,Nato,Nato,Nato,Npmsn,PROPN,B-ORG,ORG-NATO,B-ORG
sl-8,1,5,Jens,Jens,Jens,Npmsn,PROPN,B-PER,PER-Jens-Stoltenberg,B-PER
sl-8,1,6,Stoltenberg,Stoltenberg,Stoltenberg,Npmsn,PROPN,I-PER,PER-Jens-Stoltenberg,I-PER
sl-8,1,7,je,,biti,Va-r3s-n,AUX,O,,O
sl-8,1,8,v,,v,Sl,ADP,O,,O
sl-8,1,9,govoru,,govor,Ncmsl,NOUN,O,,O
sl-8,1,10,pred,,pred,Si,ADP,O,,O
sl-8,1,11,obema,,oba,Pg-mdi,DET,O,,O
sl-8,1,12,domovoma,,dom,Ncmdi,NOUN,O,,O
sl-8,1,13,ameriškega,,ameriški,Agpmsg,ADJ,O,,O
sl-8,1,14,kongresa,,kongres,Ncmsg,NOUN,O,,O
sl-8,1,15,v,,v,Sa,ADP,O,,O
sl-8,1,16,sredo,,sreda,Ncfsa,NOUN,O,,O
sl-8,1,17,dobival,,dobivati,Vmpp-sm,VERB,O,,O
sl-8,1,18,stoječe,,stoječ,Appfpa,ADJ,O,,O
sl-8,1,19,ovacije,,ovacija,Ncfpa,NOUN,O,,O
sl-8,1,20,",",,",",Z,PUNCT,O,,O
sl-8,1,21,dobro,,dober,Agpfsa,ADJ,O,,O
sl-8,1,22,voljo,,volja,Ncfsa,NOUN,O,,O
sl-8,1,23,ob,,ob,Sl,ADP,O,,O
sl-8,1,24,praznovanju,,praznovanje,Ncnsl,NOUN,O,,O
sl-8,1,25,70.,,70.,Mdo,NUM,O,,O
sl-8,1,26,obletnice,,obletnica,Ncfsg,NOUN,O,,O
sl-8,1,27,zavezništva,,zavezništvo,Ncnsg,NOUN,O,,O
sl-8,1,28,pa,,pa,Cc,CCONJ,O,,O
sl-8,1,29,so,,biti,Va-r3p-n,AUX,O,,O
sl-8,1,30,pred,,pred,Si,ADP,O,,O
sl-8,1,31,današnjim,,današnji,Agpnsi,ADJ,O,,O
sl-8,1,32,ministrskim,,ministrski,Agpnsi,ADJ,O,,O
sl-8,1,33,zasedanjem,,zasedanje,Ncnsi,NOUN,O,,O
sl-8,1,34,v,,v,Sl,ADP,O,,O
sl-8,1,35,State,State,State,Npmsn,PROPN,B-ORG,ORG-Department-of-State-USA,B-ORG
sl-8,1,36,Departmentu,Department,Department,Npmsl,PROPN,I-ORG,ORG-Department-of-State-USA,I-ORG
sl-8,1,37,skazili,,skaziti,Vmep-pm,VERB,O,,O
sl-8,1,38,prepiri,,prepir,Ncmpn,NOUN,O,,O
sl-8,1,39,ZDA,ZDA,ZDA,Npfpg,PROPN,B-LOC,GPE-USA,B-LOC
sl-8,1,40,z,,z,Si,ADP,O,,O
sl-8,1,41,Nemčijo,Nemčija,Nemčija,Npfsi,PROPN,B-LOC,GPE-Germany,B-LOC
sl-8,1,42,in,,in,Cc,CCONJ,O,,O
sl-8,1,43,Turčijo,Turčija,Turčija,Npfsi,PROPN,B-LOC,GPE-Turkey,B-LOC
sl-8,1,44,.,,.,Z,PUNCT,O,,O
sl-8,2,1,Podpredsednik,,podpredsednik,Ncmsn,NOUN,O,,O
sl-8,2,2,ZDA,ZDA,ZDA,Npfpg,PROPN,B-LOC,GPE-USA,B-LOC
sl-8,2,3,Mike,Mike,Mike,Npmsn,PROPN,B-PER,PER-Mike-Pence,B-PER
sl-8,2,4,Pence,Pence,Pence,Npmsn,PROPN,I-PER,PER-Mike-Pence,I-PER
sl-8,2,5,je,,biti,Va-r3s-n,AUX,O,,O
sl-8,2,6,v,,v,Sl,ADP,O,,O
sl-8,2,7,govoru,,govor,Ncmsl,NOUN,O,,O
sl-8,2,8,kritiziral,,kritizirati,Vmpp-sm,VERB,O,,O
sl-8,2,9,Nemčijo,Nemčija,Nemčija,Npfsa,PROPN,B-LOC,GPE-Germany,B-LOC
sl-8,2,10,zaradi,,zaradi,Sg,ADP,O,,O
sl-8,2,11,premajhne,,premajhen,Agpfsg,ADJ,O,,O
sl-8,2,12,porabe,,poraba,Ncfsg,NOUN,O,,O
sl-8,2,13,za,,za,Sa,ADP,O,,O
sl-8,2,14,obrambo,,obramba,Ncfsa,NOUN,O,,O
sl-8,2,15,in,,in,Cc,CCONJ,O,,O
sl-8,2,16,zaradi,,zaradi,Sg,ADP,O,,O
sl-8,2,17,vztrajanja,,vztrajanje,Ncnsg,NOUN,O,,O
sl-8,2,18,pri,,pri,Sl,ADP,O,,O
sl-8,2,19,plinovodu,,plinovod,Ncmsl,NOUN,O,,O
sl-8,2,20,iz,,iz,Sg,ADP,O,,O
sl-8,2,21,Rusije,Rusija,Rusija,Npfsg,PROPN,B-LOC,GPE-Russia,B-LOC
sl-8,2,22,Severni,,severen,Agpmsny,ADJ,O,,O
sl-8,2,23,tok,,tok,Ncmsan,NOUN,O,,O
sl-8,2,24,2.,,2.,Mdo,NUM,O,,O
sl-8,2,25,Turčijo,Turčija,Turčija,Npfsa,PROPN,B-LOC,GPE-Turkey,B-LOC
sl-8,2,26,pa,,pa,Cc,CCONJ,O,,O
sl-8,2,27,je,,biti,Va-r3s-n,AUX,O,,O
sl-8,2,28,oštel,,ošteti,Vmep-sm,VERB,O,,O
sl-8,2,29,",",,",",Z,PUNCT,O,,O
sl-8,2,30,da,,da,Cs,SCONJ,O,,O
sl-8,2,31,kupuje,,kupovati,Vmpr3s,VERB,O,,O
sl-8,2,32,sistem,,sistem,Ncmsan,NOUN,O,,O
sl-8,2,33,protiraketne,,protiraketen,Agpfsg,ADJ,O,,O
sl-8,2,34,obrambe,,obramba,Ncfsg,NOUN,O,,O
sl-8,2,35,od,,od,Sg,ADP,O,,O
sl-8,2,36,Rusije,Rusija,Rusija,Npfsg,PROPN,B-LOC,GPE-Russia,B-LOC
sl-8,2,37,.,,.,Z,PUNCT,O,,O
sl-8,3,1,V,,v,Sl,ADP,O,,O
sl-8,3,2,Washingtonu,Washington,Washington,Npmsl,PROPN,B-LOC,GPE-WashingtonDC,B-LOC
sl-8,3,3,so,,biti,Va-r3p-n,AUX,O,,O
sl-8,3,4,se,,se,Px------y,PRON,O,,O
sl-8,3,5,na,,na,Sl,ADP,O,,O
sl-8,3,6,praznovanju,,praznovanje,Ncnsl,NOUN,O,,O
sl-8,3,7,70.,,70.,Mdo,NUM,O,,O
sl-8,3,8,obletnice,,obletnica,Ncfsg,NOUN,O,,O
sl-8,3,9,zveze,,zveza,Ncfsg,NOUN,O,,O
sl-8,3,10,Nato,Nato,Nato,Npmsn,PROPN,B-ORG,ORG-NATO,B-ORG
sl-8,3,11,in,,in,Cc,CCONJ,O,,O
sl-8,3,12,ministrskem,,ministrski,Agpnsl,ADJ,O,,O
sl-8,3,13,zasedanju,,zasedanje,Ncnsl,NOUN,O,,O
sl-8,3,14,zbrali,,zbrati,Vmep-pm,VERB,O,,O
sl-8,3,15,zunanji,,zunanji,Agpmpn,ADJ,O,,O
sl-8,3,16,ministri,,minister,Ncmpn,NOUN,O,,O
sl-8,3,17,29,,29,Mdc,NUM,O,,O
sl-8,3,18,držav,,država,Ncfpg,NOUN,O,,O
sl-8,3,19,članic,,članica,Ncfpg,NOUN,O,,O
sl-8,3,20,in,,in,Cc,CCONJ,O,,O
sl-8,3,21,Severne,Severna,severen,Agpfsg,ADJ,B-LOC,GPE-Northern-Macedonia,B-LOC
sl-8,3,22,Makedonije,Makedonija,Makedonija,Npfsg,PROPN,I-LOC,GPE-Northern-Macedonia,I-LOC
sl-8,3,23,",",,",",Z,PUNCT,O,,O
sl-8,3,24,ki,,ki,Cs,SCONJ,O,,O
sl-8,3,25,bo,,biti,Va-f3s-n,AUX,O,,O
sl-8,3,26,to,,ta,Pd-nsn,DET,O,,O
sl-8,3,27,postala,,postati,Vmep-sf,VERB,O,,O
sl-8,3,28,letos,,letos,Rgp,ADV,O,,O
sl-8,3,29,.,,.,Z,PUNCT,O,,O
sl-8,4,1,Med,,med,Si,ADP,O,,O
sl-8,4,2,njimi,,on,Pp3mpi,PRON,O,,O
sl-8,4,3,je,,biti,Va-r3s-n,AUX,O,,O
sl-8,4,4,tudi,,tudi,Q,PART,O,,O
sl-8,4,5,zunanji,,zunanji,Agpmsny,ADJ,O,,O
sl-8,4,6,minister,,minister,Ncmsn,NOUN,O,,O
sl-8,4,7,Miro,Miro,Miro,Npmsn,PROPN,B-PER,PER-Miro-Cerar,B-PER
sl-8,4,8,Cerar,Cerar,Cerar,Npmsn,PROPN,I-PER,PER-Miro-Cerar,I-PER
sl-8,4,9,.,,.,Z,PUNCT,O,,O
sl-8,5,1,Pence,Pence,Pence,Npmsn,PROPN,B-PER,PER-Mike-Pence,B-PER
sl-8,5,2,je,,biti,Va-r3s-n,AUX,O,,O
sl-8,5,3,dejal,,dejati,Vmep-sm,VERB,O,,O
sl-8,5,4,",",,",",Z,PUNCT,O,,O
sl-8,5,5,da,,da,Cs,SCONJ,O,,O
sl-8,5,6,mora,,morati,Vmpr3s,VERB,O,,O
sl-8,5,7,Nemčija,Nemčija,Nemčija,Npfsn,PROPN,B-LOC,GPE-Germany,B-LOC
sl-8,5,8,storiti,,storiti,Vmen,VERB,O,,O
sl-8,5,9,več,,več,Rgc,DET,O,,O
sl-8,5,10,",",,",",Z,PUNCT,O,,O
sl-8,5,11,saj,,saj,Cc,CCONJ,O,,O
sl-8,5,12,obrambe,,obramba,Ncfsg,NOUN,O,,O
sl-8,5,13,Zahoda,Zahod,zahod,Ncmsg,NOUN,B-LOC,LOC-West,B-LOC
sl-8,5,14,ne,,ne,Q,PART,O,,O
sl-8,5,15,bo,,biti,Va-f3s-n,VERB,O,,O
sl-8,5,16,mogoče,,mogoč,Agpnsn,ADJ,O,,O
sl-8,5,17,zagotoviti,,zagotoviti,Vmen,VERB,O,,O
sl-8,5,18,",",,",",Z,PUNCT,O,,O
sl-8,5,19,če,,če,Cs,SCONJ,O,,O
sl-8,5,20,bodo,,biti,Va-f3p-n,AUX,O,,O
sl-8,5,21,zavezniki,,zaveznik,Ncmpn,NOUN,O,,O
sl-8,5,22,postajali,,postajati,Vmpp-pm,VERB,O,,O
sl-8,5,23,odvisni,,odvisen,Agpmpn,ADJ,O,,O
sl-8,5,24,od,,od,Sg,ADP,O,,O
sl-8,5,25,Rusije,Rusija,Rusija,Npfsg,PROPN,B-LOC,GPE-Russia,B-LOC
sl-8,5,26,.,,.,Z,PUNCT,O,,O
sl-8,5,27,“,,“,Z,PUNCT,O,,O
sl-8,5,28,Nesprejemljivo,,nesprejemljiv,Agpnsn,ADJ,O,,O
sl-8,5,29,je,,biti,Va-r3s-n,AUX,O,,O
sl-8,5,30,",",,",",Z,PUNCT,O,,O
sl-8,5,31,da,,da,Cs,SCONJ,O,,O
sl-8,5,32,največje,,velik,Agsnsn,ADJ,O,,O
sl-8,5,33,evropsko,,evropski,Agpnsn,ADJ,O,,O
sl-8,5,34,gospodarstvo,,gospodarstvo,Ncnsn,NOUN,O,,O
sl-8,5,35,še,,še,Q,PART,O,,O
sl-8,5,36,naprej,,naprej,Rgp,ADV,O,,O
sl-8,5,37,zanemarja,,zanemarjati,Vmpr3s,VERB,O,,O
sl-8,5,38,grožnjo,,grožnja,Ncfsa,NOUN,O,,O
sl-8,5,39,ruske,,ruski,Agpfsg,ADJ,O,,O
sl-8,5,40,agresije,,agresija,Ncfsg,NOUN,O,,O
sl-8,5,41,",",,",",Z,PUNCT,O,,O
sl-8,5,42,samoobrambo,,samoobramba,Ncfsa,NOUN,O,,O
sl-8,5,43,in,,in,Cc,CCONJ,O,,O
sl-8,5,44,našo,,naš,Ps1fsap,DET,O,,O
sl-8,5,45,skupno,,skupen,Agpfsa,ADJ,O,,O
sl-8,5,46,obrambo,,obramba,Ncfsa,NOUN,O,,O
sl-8,5,47,",",,",",Z,PUNCT,O,,O
sl-8,5,48,”,,”,Z,PUNCT,O,,O
sl-8,5,49,je,,biti,Va-r3s-n,AUX,O,,O
sl-8,5,50,dejal,,dejati,Vmep-sm,VERB,O,,O
sl-8,5,51,Pence,Pence,Pence,Npmsn,PROPN,B-PER,PER-Mike-Pence,B-PER
sl-8,5,52,.,,.,Z,PUNCT,O,,O
sl-8,6,1,Rusija,Rusija,Rusija,Npfsn,PROPN,B-LOC,GPE-Russia,B-LOC
sl-8,6,2,je,,biti,Va-r3s-n,AUX,O,,O
sl-8,6,3,na,,na,Sl,ADP,O,,O
sl-8,6,4,ministrskem,,ministrski,Agpnsl,ADJ,O,,O
sl-8,6,5,zasedanju,,zasedanje,Ncnsl,NOUN,O,,O
sl-8,6,6,izpostavljena,,izpostavljen,Appfsn,ADJ,O,,O
sl-8,6,7,kot,,kot,Cs,SCONJ,O,,O
sl-8,6,8,glavni,,glaven,Agpmsny,ADJ,O,,O
sl-8,6,9,razlog,,razlog,Ncmsn,NOUN,O,,O
sl-8,6,10,za,,za,Sa,ADP,O,,O
sl-8,6,11,nadaljnji,,nadaljnji,Agpmsay,ADJ,O,,O
sl-8,6,12,obstoj,,obstoj,Ncmsan,NOUN,O,,O
sl-8,6,13,zveze,,zveza,Ncfsg,NOUN,O,,O
sl-8,6,14,Nato,Nato,Nato,Npmsn,PROPN,B-ORG,ORG-NATO,B-ORG
sl-8,6,15,",",,",",Z,PUNCT,O,,O
sl-8,6,16,čeprav,,čeprav,Cs,SCONJ,O,,O
sl-8,6,17,tega,,ta,Pd-nsg,DET,O,,O
sl-8,6,18,predsednik,,predsednik,Ncmsn,NOUN,O,,O
sl-8,6,19,največje,,velik,Agsfsg,ADJ,O,,O
sl-8,6,20,članice,,članica,Ncfsg,NOUN,O,,O
sl-8,6,21,ne,,ne,Q,PART,O,,O
sl-8,6,22,poudarja,,poudarjati,Vmpr3s,VERB,O,,O
sl-8,6,23,.,,.,Z,PUNCT,O,,O
sl-8,7,1,Zato,,zato,Cc,CCONJ,O,,O
sl-8,7,2,pa,,pa,Cc,CCONJ,O,,O
sl-8,7,3,to,,ta,Pd-nsa,DET,O,,O
sl-8,7,4,delajo,,delati,Vmpr3p,VERB,O,,O
sl-8,7,5,člani,,član,Ncmpn,NOUN,O,,O
sl-8,7,6,vlade,,vlada,Ncfsg,NOUN,O,,O
sl-8,7,7,Donalda,Donald,Donald,Npmsg,PROPN,B-PER,PER-Donald-Trump,B-PER
sl-8,7,8,Trumpa,Trump,Trump,Npmsg,PROPN,I-PER,PER-Donald-Trump,I-PER
sl-8,7,9,",",,",",Z,PUNCT,O,,O
sl-8,7,10,kot,,kot,Cs,SCONJ,O,,O
sl-8,7,11,so,,biti,Va-r3p-n,AUX,O,,O
sl-8,7,12,Pence,Pence,Pence,Npmsn,PROPN,B-PER,PER-Mike-Pence,B-PER
sl-8,7,13,",",,",",Z,PUNCT,O,,O
sl-8,7,14,državni,,državen,Agpmsny,ADJ,O,,O
sl-8,7,15,sekretar,,sekretar,Ncmsn,NOUN,O,,O
sl-8,7,16,Mike,Mike,Mike,Npmsn,PROPN,B-PER,PER-Mike-Pompeo,B-PER
sl-8,7,17,Pompeo,Pompeo,Pompeo,Npmsn,PROPN,I-PER,PER-Mike-Pompeo,I-PER
sl-8,7,18,",",,",",Z,PUNCT,O,,O
sl-8,7,19,veleposlanica,,veleposlanica,Ncfsn,NOUN,O,,O
sl-8,7,20,ZDA,ZDA,ZDA,Npfpg,PROPN,B-LOC,GPE-USA,B-LOC
sl-8,7,21,pri,,pri,Sl,ADP,O,,O
sl-8,7,22,Natu,Nato,Nato,Npmsl,PROPN,B-ORG,ORG-NATO,B-ORG
sl-8,7,23,Kay,Kay,Kay,Npfsn,PROPN,B-PER,PER-Kay-Bailey-Hutchison,B-PER
sl-8,7,24,Bailey,Bailey,Bailey,Npfsn,PROPN,I-PER,PER-Kay-Bailey-Hutchison,I-PER
sl-8,7,25,Hutchinson,Hutchison,Hutchinson,Npfsn,PROPN,I-PER,PER-Kay-Bailey-Hutchison,I-PER
sl-8,7,26,in,,in,Cc,CCONJ,O,,O
sl-8,7,27,drugi,,drug,Mlpmpn,ADJ,O,,O
sl-8,7,28,.,,.,Z,PUNCT,O,,O
sl-8,8,1,Pence,Pence,Pence,Npmsn,PROPN,B-PER,PER-Mike-Pence,B-PER
sl-8,8,2,je,,biti,Va-r3s-n,AUX,O,,O
sl-8,8,3,Nemčijo,Nemčija,Nemčija,Npfsa,PROPN,B-LOC,GPE-Germany,B-LOC
sl-8,8,4,oštel,,ošteti,Vmep-sm,VERB,O,,O
sl-8,8,5,tudi,,tudi,Q,PART,O,,O
sl-8,8,6,zaradi,,zaradi,Sg,ADP,O,,O
sl-8,8,7,plinovoda,,plinovod,Ncmsg,NOUN,O,,O
sl-8,8,8,Severni,Severni,severen,Agpmsny,ADJ,B-PRO,PRO-Nord-Stream-2,B-PRO
sl-8,8,9,tok,tok,tok,Ncmsn,NOUN,I-PRO,PRO-Nord-Stream-2,I-PRO
sl-8,8,10,2,2,2,Mdc,NUM,I-PRO,PRO-Nord-Stream-2,I-PRO
sl-8,8,11,",",,",",Z,PUNCT,O,,O
sl-8,8,12,ki,,ki,Cs,SCONJ,O,,O
sl-8,8,13,bo,,biti,Va-f3s-n,AUX,O,,O
sl-8,8,14,podvojil,,podvojiti,Vmep-sm,VERB,O,,O
sl-8,8,15,nemške,,nemški,Agpmpa,ADJ,O,,O
sl-8,8,16,nakupe,,nakup,Ncmpa,NOUN,O,,O
sl-8,8,17,plina,,plin,Ncmsg,NOUN,O,,O
sl-8,8,18,iz,,iz,Sg,ADP,O,,O
sl-8,8,19,Rusije,Rusija,Rusija,Npfsg,PROPN,B-LOC,GPE-Russia,B-LOC
sl-8,8,20,.,,.,Z,PUNCT,O,,O
sl-8,9,1,Vendar,,vendar,Cc,CCONJ,O,,O
sl-8,9,2,pa,,pa,Cc,CCONJ,O,,O
sl-8,9,3,je,,biti,Va-r3s-n,AUX,O,,O
sl-8,9,4,ob,,ob,Sl,ADP,O,,O
sl-8,9,5,vsem,,ves,Pg-nsl,DET,O,,O
sl-8,9,6,tem,,ta,Pd-nsl,DET,O,,O
sl-8,9,7,zagotovil,,zagotoviti,Vmep-sm,VERB,O,,O
sl-8,9,8,",",,",",Z,PUNCT,O,,O
sl-8,9,9,da,,da,Cs,SCONJ,O,,O
sl-8,9,10,bodo,,biti,Va-f3p-n,AUX,O,,O
sl-8,9,11,ZDA,ZDA,ZDA,Npfpn,PROPN,B-LOC,GPE-USA,B-LOC
sl-8,9,12,vedno,,vedno,Rgp,ADV,O,,O
sl-8,9,13,največji,,velik,Agsmsny,ADJ,O,,O
sl-8,9,14,zaveznik,,zaveznik,Ncmsn,NOUN,O,,O
sl-8,9,15,Evrope,Evropa,Evropa,Npfsg,PROPN,B-LOC,LOC-Europe,B-LOC
sl-8,9,16,.,,.,Z,PUNCT,O,,O
sl-8,10,1,Nemški,,nemški,Agpmsny,ADJ,O,,O
sl-8,10,2,zunanji,,zunanji,Agpmsny,ADJ,O,,O
sl-8,10,3,minister,,minister,Ncmsn,NOUN,O,,O
sl-8,10,4,Heiko,Heiko,Heiko,Npmsn,PROPN,B-PER,PER-Heiko-Maas,B-PER
sl-8,10,5,Maas,Maas,Maas,Npmsn,PROPN,I-PER,PER-Heiko-Maas,I-PER
sl-8,10,6,je,,biti,Va-r3s-n,AUX,O,,O
sl-8,10,7,odgovoril,,odgovoriti,Vmep-sm,VERB,O,,O
sl-8,10,8,",",,",",Z,PUNCT,O,,O
sl-8,10,9,da,,da,Cs,SCONJ,O,,O
sl-8,10,10,je,,biti,Va-r3s-n,AUX,O,,O
sl-8,10,11,Nato,Nato,Nato,Npmsn,PROPN,B-ORG,ORG-NATO,B-ORG
sl-8,10,12,predvsem,,predvsem,Q,PART,O,,O
sl-8,10,13,zavezništvo,,zavezništvo,Ncnsn,NOUN,O,,O
sl-8,10,14,vrednot,,vrednota,Ncfpg,NOUN,O,,O
sl-8,10,15,in,,in,Cc,CCONJ,O,,O
sl-8,10,16,gre,,iti,Vmbr3s,VERB,O,,O
sl-8,10,17,pri,,pri,Sl,ADP,O,,O
sl-8,10,18,delitvi,,delitev,Ncfsl,NOUN,O,,O
sl-8,10,19,bremen,,breme,Ncnpg,NOUN,O,,O
sl-8,10,20,za,,za,Sa,ADP,O,,O
sl-8,10,21,več,,več,Rgc,DET,O,,O
sl-8,10,22,kot,,kot,Cs,SCONJ,O,,O
sl-8,10,23,le,,le,Q,PART,O,,O
sl-8,10,24,porabo,,poraba,Ncfsa,NOUN,O,,O
sl-8,10,25,.,,.,Z,PUNCT,O,,O
sl-8,11,1,Velika,,velik,Agpfsn,ADJ,O,,O
sl-8,11,2,poraba,,poraba,Ncfsn,NOUN,O,,O
sl-8,11,3,za,,za,Sa,ADP,O,,O
sl-8,11,4,vojsko,,vojska,Ncfsa,NOUN,O,,O
sl-8,11,5,je,,biti,Va-r3s-n,AUX,O,,O
sl-8,11,6,v,,v,Sl,ADP,O,,O
sl-8,11,7,Nemčiji,Nemčija,Nemčija,Npfsl,PROPN,B-LOC,GPE-Germany,B-LOC
sl-8,11,8,zaradi,,zaradi,Sg,ADP,O,,O
sl-8,11,9,zgodovine,,zgodovina,Ncfsg,NOUN,O,,O
sl-8,11,10,problematična,,problematičen,Agpfsn,ADJ,O,,O
sl-8,11,11,in,,in,Cc,CCONJ,O,,O
sl-8,11,12,Maas,Maas,Maas,Npmsn,PROPN,B-PER,PER-Heiko-Maas,B-PER
sl-8,11,13,je,,biti,Va-r3s-n,AUX,O,,O
sl-8,11,14,poudaril,,poudariti,Vmep-sm,VERB,O,,O
sl-8,11,15,",",,",",Z,PUNCT,O,,O
sl-8,11,16,da,,da,Cs,SCONJ,O,,O
sl-8,11,17,je,,biti,Va-r3s-n,AUX,O,,O
sl-8,11,18,Nemčija,Nemčija,Nemčija,Npfsn,PROPN,B-LOC,GPE-Germany,B-LOC
sl-8,11,19,za,,za,Sa,ADP,O,,O
sl-8,11,20,ZDA,ZDA,ZDA,Npfpa,PROPN,B-LOC,GPE-USA,B-LOC
sl-8,11,21,poslala,,poslati,Vmep-sf,VERB,O,,O
sl-8,11,22,v,,v,Sa,ADP,O,,O
sl-8,11,23,Afganistan,Afganistan,Afganistan,Npmsan,PROPN,B-LOC,GPE-Afghanistan,B-LOC
sl-8,11,24,največ,,največ,Rgs,DET,O,,O
sl-8,11,25,vojakov,,vojak,Ncmpg,NOUN,O,,O
sl-8,11,26,",",,",",Z,PUNCT,O,,O
sl-8,11,27,gradi,,graditi,Vmpr3s,VERB,O,,O
sl-8,11,28,nov,,nov,Agpmsan,ADJ,O,,O
sl-8,11,29,poveljniški,,poveljniški,Agpmsay,ADJ,O,,O
sl-8,11,30,center,,center,Ncmsan,NOUN,O,,O
sl-8,11,31,Nata,NATO,Nato,Npmsg,PROPN,B-ORG,ORG-NATO,B-ORG
sl-8,11,32,v,,v,Sl,ADP,O,,O
sl-8,11,33,Ulmu,Ulm,Ulm,Npmsl,PROPN,B-LOC,GPE-Ulm,B-LOC
sl-8,11,34,in,,in,Cc,CCONJ,O,,O
sl-8,11,35,se,,se,Px------y,PRON,O,,O
sl-8,11,36,zaveda,,zavedati,Vmpr3s,VERB,O,,O
sl-8,11,37,",",,",",Z,PUNCT,O,,O
sl-8,11,38,da,,da,Cs,SCONJ,O,,O
sl-8,11,39,varnost,,varnost,Ncfsn,NOUN,O,,O
sl-8,11,40,ni,,biti,Va-r3s-y,AUX,O,,O
sl-8,11,41,nekaj,,nekaj,Pi-nsn,PRON,O,,O
sl-8,11,42,samoumevnega,,samoumeven,Agpnsg,ADJ,O,,O
sl-8,11,43,",",,",",Z,PUNCT,O,,O
sl-8,11,44,zato,,zato,Cc,CCONJ,O,,O
sl-8,11,45,bo,,biti,Va-f3s-n,AUX,O,,O
sl-8,11,46,delila,,deliti,Vmpp-sf,VERB,O,,O
sl-8,11,47,breme,,breme,Ncnsa,NOUN,O,,O
sl-8,11,48,.,,.,Z,PUNCT,O,,O
sl-8,12,1,Pence,Pence,Pence,Npmsn,PROPN,B-PER,PER-Mike-Pence,B-PER
sl-8,12,2,je,,biti,Va-r3s-n,AUX,O,,O
sl-8,12,3,dejal,,dejati,Vmep-sm,VERB,O,,O
sl-8,12,4,",",,",",Z,PUNCT,O,,O
sl-8,12,5,da,,da,Cs,SCONJ,O,,O
sl-8,12,6,mora,,morati,Vmpr3s,VERB,O,,O
sl-8,12,7,Turčija,Turčija,Turčija,Npfsn,PROPN,B-LOC,GPE-Turkey,B-LOC
sl-8,12,8,izbrati,,izbrati,Vmen,VERB,O,,O
sl-8,12,9,ali,,ali,Cc,CCONJ,O,,O
sl-8,12,10,bo,,biti,Va-f3s-n,AUX,O,,O
sl-8,12,11,ostala,,ostati,Vmep-sf,VERB,O,,O
sl-8,12,12,ključen,,ključen,Agpmsnn,ADJ,O,,O
sl-8,12,13,partner,,partner,Ncmsn,NOUN,O,,O
sl-8,12,14,najuspešnejšega,,uspešen,Agsnsg,ADJ,O,,O
sl-8,12,15,zavezništva,,zavezništvo,Ncnsg,NOUN,O,,O
sl-8,12,16,v,,v,Sl,ADP,O,,O
sl-8,12,17,zgodovini,,zgodovina,Ncfsl,NOUN,O,,O
sl-8,12,18,ali,,ali,Cc,CCONJ,O,,O
sl-8,12,19,pa,,pa,Cc,CCONJ,O,,O
sl-8,12,20,bo,,biti,Va-f3s-n,AUX,O,,O
sl-8,12,21,tvegala,,tvegati,Vmbp-sf,VERB,O,,O
sl-8,12,22,varnost,,varnost,Ncfsa,NOUN,O,,O
sl-8,12,23,tega,,ta,Pd-nsg,DET,O,,O
sl-8,12,24,partnerstva,,partnerstvo,Ncnsg,NOUN,O,,O
sl-8,12,25,z,,z,Si,ADP,O,,O
sl-8,12,26,nepremišljenimi,,nepremišljen,Agpfpi,ADJ,O,,O
sl-8,12,27,odločitvami,,odločitev,Ncfpi,NOUN,O,,O
sl-8,12,28,.,,.,Z,PUNCT,O,,O
sl-8,13,1,ZDA,ZDA,ZDA,Npfpn,PROPN,B-LOC,GPE-USA,B-LOC
sl-8,13,2,so,,biti,Va-r3p-n,AUX,O,,O
sl-8,13,3,v,,v,Sa,ADP,O,,O
sl-8,13,4,ponedeljek,,ponedeljek,Ncmsan,NOUN,O,,O
sl-8,13,5,prekinile,,prekiniti,Vmep-pf,VERB,O,,O
sl-8,13,6,prodajo,,prodaja,Ncfsa,NOUN,O,,O
sl-8,13,7,lovcev,,lovec,Ncmpg,NOUN,O,,O
sl-8,13,8,F-35,F-35,F-35,Npmsn,PROPN,B-PRO,PRO-Lockheed-Martin-F-35-Lightning-II,B-PRO
sl-8,13,9,Turčiji,Turčija,Turčija,Npfsd,PROPN,B-LOC,GPE-Turkey,B-LOC
sl-8,13,10,",",,",",Z,PUNCT,O,,O
sl-8,13,11,ker,,ker,Cs,SCONJ,O,,O
sl-8,13,12,ta,,ta,Pd-fsn,DET,O,,O
sl-8,13,13,od,,od,Sg,ADP,O,,O
sl-8,13,14,Rusije,Rusija,Rusija,Npfsg,PROPN,B-LOC,GPE-Russia,B-LOC
sl-8,13,15,kupuje,,kupovati,Vmpr3s,VERB,O,,O
sl-8,13,16,sistem,,sistem,Ncmsan,NOUN,O,,O
sl-8,13,17,protiraketne,,protiraketen,Agpfsg,ADJ,O,,O
sl-8,13,18,obrambe,,obramba,Ncfsg,NOUN,O,,O
sl-8,13,19,S-400,S-400,s-400,Mdc,NUM,B-PRO,PRO-S-400-Triumf,B-PRO
sl-8,13,20,.,,.,Z,PUNCT,O,,O
sl-8,14,1,Turški,,turški,Agpmsny,ADJ,O,,O
sl-8,14,2,zunanji,,zunanji,Agpmsny,ADJ,O,,O
sl-8,14,3,minister,,minister,Ncmsn,NOUN,O,,O
sl-8,14,4,Mevlut,Mevlut,Mevlut,Npmsn,PROPN,B-PER,PER-Mevlut-Cavusoglu,B-PER
sl-8,14,5,Cavusoglu,Cavusoglu,Cavusoglu,Npmsn,PROPN,I-PER,PER-Mevlut-Cavusoglu,I-PER
sl-8,14,6,je,,biti,Va-r3s-n,AUX,O,,O
sl-8,14,7,odvrnil,,odvrniti,Vmep-sm,VERB,O,,O
sl-8,14,8,",",,",",Z,PUNCT,O,,O
sl-8,14,9,da,,da,Cs,SCONJ,O,,O
sl-8,14,10,je,,biti,Va-r3s-n,AUX,O,,O
sl-8,14,11,S-400,S-400,s-400,Mdc,NUM,B-PRO,PRO-S-400-Triumf,B-PRO
sl-8,14,12,dokončan,,dokončan,Appmsnn,ADJ,O,,O
sl-8,14,13,posel,,posel,Ncmsn,NOUN,O,,O
sl-8,14,14,in,,in,Cc,CCONJ,O,,O
sl-8,14,15,Turčija,Turčija,Turčija,Npfsn,PROPN,B-LOC,GPE-Turkey,B-LOC
sl-8,14,16,od,,od,Sg,ADP,O,,O
sl-8,14,17,njega,,on,Pp3msg,PRON,O,,O
sl-8,14,18,ne,,ne,Q,PART,O,,O
sl-8,14,19,bo,,biti,Va-f3s-n,AUX,O,,O
sl-8,14,20,odstopila,,odstopiti,Vmep-sf,VERB,O,,O
sl-8,14,21,.,,.,Z,PUNCT,O,,O
sl-8,15,1,Vendar,,vendar,Cc,CCONJ,O,,O
sl-8,15,2,pa,,pa,Cc,CCONJ,O,,O
sl-8,15,3,Turčija,Turčija,Turčija,Npfsn,PROPN,B-LOC,GPE-Turkey,B-LOC
sl-8,15,4,ostaja,,ostajati,Vmpr3s,VERB,O,,O
sl-8,15,5,trdna,,trden,Agpfsn,ADJ,O,,O
sl-8,15,6,zaveznica,,zaveznica,Ncfsn,NOUN,O,,O
sl-8,15,7,in,,in,Cc,CCONJ,O,,O
sl-8,15,8,deli,,del,Ncmpn,NOUN,O,,O
sl-8,15,9,skrbi,,skrb,Ncfsg,NOUN,O,,O
sl-8,15,10,glede,,glede,Sg,ADP,O,,O
sl-8,15,11,Rusije,Rusija,Rusija,Npfsg,PROPN,B-LOC,GPE-Russia,B-LOC
sl-8,15,12,ter,,ter,Cc,CCONJ,O,,O
sl-8,15,13,ne,,ne,Q,PART,O,,O
sl-8,15,14,bo,,biti,Va-f3s-n,AUX,O,,O
sl-8,15,15,nikoli,,nikoli,Rgp,ADV,O,,O
sl-8,15,16,priznala,,priznati,Vmep-sf,VERB,O,,O
sl-8,15,17,priključitve,,priključitev,Ncfsg,NOUN,O,,O
sl-8,15,18,polotoka,,polotok,Ncmsg,NOUN,O,,O
sl-8,15,19,Krim,Krim,Krim,Npmsn,PROPN,B-LOC,GPE-Crimea,B-LOC
sl-8,15,20,Rusiji,Rusija,Rusija,Npfsd,PROPN,B-LOC,GPE-Russia,B-LOC
sl-8,15,21,.,,.,Z,PUNCT,O,,O
sl-8,15,22,“,,“,Z,PUNCT,O,,O
sl-8,15,23,Sodelujemo,,sodelovati,Vmpr1p,VERB,O,,O
sl-8,15,24,z,,z,Si,ADP,O,,O
sl-8,15,25,Rusijo,Rusija,Rusija,Npfsi,PROPN,B-LOC,GPE-Russia,B-LOC
sl-8,15,26,",",,",",Z,PUNCT,O,,O
sl-8,15,27,kar,,kar,Pr-nsn,PRON,O,,O
sl-8,15,28,pa,,pa,Cc,CCONJ,O,,O
sl-8,15,29,ne,,ne,Q,PART,O,,O
sl-8,15,30,pomeni,,pomeniti,Vmbr3s,VERB,O,,O
sl-8,15,31,",",,",",Z,PUNCT,O,,O
sl-8,15,32,da,,da,Cs,SCONJ,O,,O
sl-8,15,33,spodkopavamo,,spodkopavati,Vmpr1p,VERB,O,,O
sl-8,15,34,zavezništvo,,zavezništvo,Ncnsa,NOUN,O,,O
sl-8,15,35,in,,in,Cc,CCONJ,O,,O
sl-8,15,36,se,,se,Px------y,PRON,O,,O
sl-8,15,37,z,,z,Si,ADP,O,,O
sl-8,15,38,Rusijo,Rusija,Rusija,Npfsi,PROPN,B-LOC,GPE-Russia,B-LOC
sl-8,15,39,strinjamo,,strinjati,Vmpr1p,VERB,O,,O
sl-8,15,40,o,,o,Sl,ADP,O,,O
sl-8,15,41,vsem,,ves,Pg-nsl,DET,O,,O
sl-8,15,42,",",,",",Z,PUNCT,O,,O
sl-8,15,43,”,,”,Z,PUNCT,O,,O
sl-8,15,44,je,,biti,Va-r3s-n,AUX,O,,O
sl-8,15,45,dejal,,dejati,Vmep-sm,VERB,O,,O
sl-8,15,46,.,,.,Z,PUNCT,O,,O
sl-8,16,1,Cavusoglu,Cavusoglu,Cavusoglu,Npmsn,PROPN,B-PER,PER-Mevlut-Cavusoglu,B-PER
sl-8,16,2,jih,,on,Pp3mpa--y,PRON,O,,O
sl-8,16,3,je,,biti,Va-r3s-n,AUX,O,,O
sl-8,16,4,kasneje,,kasno,Rgc,ADV,O,,O
sl-8,16,5,slišal,,slišati,Vmbp-sm,VERB,O,,O
sl-8,16,6,tudi,,tudi,Q,PART,O,,O
sl-8,16,7,od,,od,Sg,ADP,O,,O
sl-8,16,8,Pompea,Pompeo,Pompe,Npmsg,PROPN,B-PER,PER-Mike-Pompeo,B-PER
sl-8,16,9,glede,,glede,Sg,ADP,O,,O
sl-8,16,10,Sirije,Sirija,Sirija,Npfsg,PROPN,B-LOC,GPE-Syria,B-LOC
sl-8,16,11,.,,.,Z,PUNCT,O,,O
sl-8,17,1,Ameriški,,ameriški,Agpmsny,ADJ,O,,O
sl-8,17,2,državni,,državen,Agpmsny,ADJ,O,,O
sl-8,17,3,sekretar,,sekretar,Ncmsn,NOUN,O,,O
sl-8,17,4,mu,,on,Pp3msd--y,PRON,O,,O
sl-8,17,5,je,,biti,Va-r3s-n,AUX,O,,O
sl-8,17,6,izrekel,,izreči,Vmep-sm,VERB,O,,O
sl-8,17,7,opozorilo,,opozorilo,Ncnsa,NOUN,O,,O
sl-8,17,8,pred,,pred,Si,ADP,O,,O
sl-8,17,9,morebitnimi,,morebiten,Agpfpi,ADJ,O,,O
sl-8,17,10,uničujočimi,,uničujoč,Appfpi,ADJ,O,,O
sl-8,17,11,posledicami,,posledica,Ncfpi,NOUN,O,,O
sl-8,17,12,",",,",",Z,PUNCT,O,,O
sl-8,17,13,če,,če,Cs,SCONJ,O,,O
sl-8,17,14,bo,,biti,Va-f3s-n,AUX,O,,O
sl-8,17,15,uresničila,,uresničiti,Vmep-sf,VERB,O,,O
sl-8,17,16,grožnjo,,grožnja,Ncfsa,NOUN,O,,O
sl-8,17,17,o,,o,Sl,ADP,O,,O
sl-8,17,18,bombardiranju,,bombardiranje,Ncnsl,NOUN,O,,O
sl-8,17,19,kurdskih,,kurdski,Agpmpg,ADJ,O,,O
sl-8,17,20,borcev,,borec,Ncmpg,NOUN,O,,O
sl-8,17,21,v,,v,Sl,ADP,O,,O
sl-8,17,22,Siriji,Sirija,Sirija,Npfsl,PROPN,B-LOC,GPE-Syria,B-LOC
sl-8,17,23,.,,.,Z,PUNCT,O,,O
sl-8,18,1,Pompeo,Pompeo,Pompeo,Npmsn,PROPN,B-PER,PER-Mike-Pompeo,B-PER
sl-8,18,2,je,,biti,Va-r3s-n,AUX,O,,O
sl-8,18,3,potem,,potem,Rgp,ADV,O,,O
sl-8,18,4,v,,v,Sl,ADP,O,,O
sl-8,18,5,pozdravnem,,pozdraven,Agpmsl,ADJ,O,,O
sl-8,18,6,nagovoru,,nagovor,Ncmsl,NOUN,O,,O
sl-8,18,7,na,,na,Sl,ADP,O,,O
sl-8,18,8,sprejemu,,sprejem,Ncmsl,NOUN,O,,O
sl-8,18,9,za,,za,Sa,ADP,O,,O
sl-8,18,10,ministre,,minister,Ncmpa,NOUN,O,,O
sl-8,18,11,v,,v,Sl,ADP,O,,O
sl-8,18,12,State,State,State,Npmsn,PROPN,B-ORG,ORG-Department-of-State-USA,B-ORG
sl-8,18,13,Departmentu,Department,Department,Npmsl,PROPN,I-ORG,ORG-Department-of-State-USA,I-ORG
sl-8,18,14,ob,,ob,Sl,ADP,O,,O
sl-8,18,15,originalni,,originalen,Agpfsl,ADJ,O,,O
sl-8,18,16,severno-atlantski,,severno-atlantski,Agpfsl,ADJ,O,,B-PRO
sl-8,18,17,pogodbi,,pogodba,Ncfsl,NOUN,O,,I-PRO
sl-8,18,18,",",,",",Z,PUNCT,O,,O
sl-8,18,19,ki,,ki,Cs,SCONJ,O,,O
sl-8,18,20,jo,,on,Pp3fsa--y,PRON,O,,O
sl-8,18,21,je,,biti,Va-r3s-n,AUX,O,,O
sl-8,18,22,podpisalo,,podpisati,Vmep-sn,VERB,O,,O
sl-8,18,23,12,,12,Mdc,NUM,O,,O
sl-8,18,24,držav,,država,Ncfpg,NOUN,O,,O
sl-8,18,25,dejal,,dejati,Vmep-sm,VERB,O,,O
sl-8,18,26,",",,",",Z,PUNCT,O,,O
sl-8,18,27,da,,da,Cs,SCONJ,O,,O
sl-8,18,28,je,,biti,Va-r3s-n,VERB,O,,O
sl-8,18,29,dosežkov,,dosežek,Ncmpg,NOUN,O,,O
sl-8,18,30,veliko,,veliko,Rgp,DET,O,,O
sl-8,18,31,.,,.,Z,PUNCT,O,,O
sl-8,19,1,Med,,med,Si,ADP,O,,O
sl-8,19,2,njimi,,on,Pp3mpi,PRON,O,,O
sl-8,19,3,odvrnitev,,odvrnitev,Ncfsn,NOUN,O,,O
sl-8,19,4,širitve,,širitev,Ncfsg,NOUN,O,,O
sl-8,19,5,Sovjetskega,,sovjetski,Agpmsg,ADJ,O,,O
sl-8,19,6,komunizma,,komunizem,Ncmsg,NOUN,O,,O
sl-8,19,7,po,,po,Sl,ADP,O,,O
sl-8,19,8,Evropi,Evropa,Evropa,Npfsl,PROPN,B-LOC,LOC-Europe,B-LOC
sl-8,19,9,",",,",",Z,PUNCT,O,,O
sl-8,19,10,preprečitev,,preprečitev,Ncfsn,NOUN,O,,O
sl-8,19,11,velikega,,velik,Agpmsg,ADJ,O,,O
sl-8,19,12,spopada,,spopad,Ncmsg,NOUN,O,,O
sl-8,19,13,po,,po,Sl,ADP,O,,O
sl-8,19,14,2.,2.,2.,Mdo,NUM,B-EVT,EVT-World-War-II,B-EVT
sl-8,19,15,svetovni,svetovna,svetoven,Agpfsl,ADJ,I-EVT,EVT-World-War-II,I-EVT
sl-8,19,16,vojni,vojna,vojna,Ncfsl,NOUN,I-EVT,EVT-World-War-II,I-EVT
sl-8,19,17,",",,",",Z,PUNCT,O,,O
sl-8,19,18,soočenje,,soočenje,Ncnsn,NOUN,O,,O
sl-8,19,19,z,,z,Si,ADP,O,,O
sl-8,19,20,etničnimi,,etničen,Agpmpi,ADJ,O,,O
sl-8,19,21,konflikti,,konflikt,Ncmpi,NOUN,O,,O
sl-8,19,22,na,,na,Sl,ADP,O,,O
sl-8,19,23,Balkanu,Balkan,Balkan,Npmsl,PROPN,B-LOC,LOC-Balkans,B-LOC
sl-8,19,24,in,,in,Cc,CCONJ,O,,O
sl-8,19,25,skupen,,skupen,Agpmsnn,ADJ,O,,O
sl-8,19,26,boj,,boj,Ncmsn,NOUN,O,,O
sl-8,19,27,proti,,proti,Sd,ADP,O,,O
sl-8,19,28,terorizmu,,terorizem,Ncmsd,NOUN,O,,O
sl-8,19,29,.,,.,Z,PUNCT,O,,O
sl-8,20,1,Med,,med,Si,ADP,O,,O
sl-8,20,2,novimi,,nov,Agpmpi,ADJ,O,,O
sl-8,20,3,izzivi,,izziv,Ncmpi,NOUN,O,,O
sl-8,20,4,",",,",",Z,PUNCT,O,,O
sl-8,20,5,s,,z,Si,ADP,O,,O
sl-8,20,6,katerimi,,kateri,Pq-mpi,DET,O,,O
sl-8,20,7,se,,se,Px------y,PRON,O,,O
sl-8,20,8,soočajo,,soočati,Vmpr3p,VERB,O,,O
sl-8,20,9,zavezniki,,zaveznik,Ncmpn,NOUN,O,,O
sl-8,20,10,",",,",",Z,PUNCT,O,,O
sl-8,20,11,pa,,pa,Cc,CCONJ,O,,O
sl-8,20,12,je,,biti,Va-r3s-n,AUX,O,,O
sl-8,20,13,omenil,,omeniti,Vmep-sm,VERB,O,,O
sl-8,20,14,rusko,,ruski,Agpfsa,ADJ,O,,O
sl-8,20,15,agresijo,,agresija,Ncfsa,NOUN,O,,O
sl-8,20,16,",",,",",Z,PUNCT,O,,O
sl-8,20,17,množične,,množičen,Agpfpa,ADJ,O,,O
sl-8,20,18,migracije,,migracija,Ncfpa,NOUN,O,,O
sl-8,20,19,in,,in,Cc,CCONJ,O,,O
sl-8,20,20,ranljivosti,,ranljivost,Ncfpa,NOUN,O,,O
sl-8,20,21,novih,,nov,Agpfpg,ADJ,O,,O
sl-8,20,22,tehnologij,,tehnologija,Ncfpg,NOUN,O,,O
sl-8,20,23,.,,.,Z,PUNCT,O,,O
sl-8,20,24,“,,“,Z,PUNCT,O,,O
sl-8,20,25,Geopolitično,,geopolitičen,Agpnsn,ADJ,O,,O
sl-8,20,26,okolje,,okolje,Ncnsn,NOUN,O,,O
sl-8,20,27,je,,biti,Va-r3s-n,AUX,O,,O
sl-8,20,28,vse,,vse,Rgp,ADV,O,,O
sl-8,20,29,bolj,,bolj,Rgc,ADV,O,,O
sl-8,20,30,nestabilno,,nestabilen,Agpnsn,ADJ,O,,O
sl-8,20,31,in,,in,Cc,CCONJ,O,,O
sl-8,20,32,tekmovalno,,tekmovalen,Agpnsn,ADJ,O,,O
sl-8,20,33,.,,.,Z,PUNCT,O,,O
sl-8,21,1,Naša,,naš,Ps1fsnp,DET,O,,O
sl-8,21,2,naloga,,naloga,Ncfsn,NOUN,O,,O
sl-8,21,3,je,,biti,Va-r3s-n,AUX,O,,O
sl-8,21,4,",",,",",Z,PUNCT,O,,O
sl-8,21,5,da,,da,Cs,SCONJ,O,,O
sl-8,21,6,se,,se,Px------y,PRON,O,,O
sl-8,21,7,s,,z,Si,ADP,O,,O
sl-8,21,8,tem,,ta,Pd-nsi,DET,O,,O
sl-8,21,9,soočimo,,soočiti,Vmer1p,VERB,O,,O
sl-8,21,10,skozi,,skozi,Sa,ADP,O,,O
sl-8,21,11,strateško,,strateški,Agpfsa,ADJ,O,,O
sl-8,21,12,prenovo,,prenova,Ncfsa,NOUN,O,,O
sl-8,21,13,",",,",",Z,PUNCT,O,,O
sl-8,21,14,”,,”,Z,PUNCT,O,,O
sl-8,21,15,je,,biti,Va-r3s-n,AUX,O,,O
sl-8,21,16,dejal,,dejati,Vmep-sm,VERB,O,,O
sl-8,21,17,Pompeo,Pompeo,Pompeo,Npmsn,PROPN,B-PER,PER-Mike-Pompeo,B-PER
sl-8,21,18,.,,.,Z,PUNCT,O,,O
sl-8,22,1,Med,,med,Si,ADP,O,,O
sl-8,22,2,drugim,,drug,Mlpnsi,ADJ,O,,O
sl-8,22,3,je,,biti,Va-r3s-n,AUX,O,,O
sl-8,22,4,prisotne,,prisoten,Agpmpa,ADJ,O,,O
sl-8,22,5,seznanil,,seznaniti,Vmep-sm,VERB,O,,O
sl-8,22,6,",",,",",Z,PUNCT,O,,O
sl-8,22,7,da,,da,Cs,SCONJ,O,,O
sl-8,22,8,so,,biti,Va-r3p-n,AUX,O,,O
sl-8,22,9,pretekli,,pretekel,Appmsay,ADJ,O,,O
sl-8,22,10,teden,,teden,Ncmsan,NOUN,O,,O
sl-8,22,11,senatu,,senat,Ncmsd,NOUN,O,,O
sl-8,22,12,formalno,,formalno,Rgp,ADV,O,,O
sl-8,22,13,predložili,,predložiti,Vmep-pm,VERB,O,,O
sl-8,22,14,potrditev,,potrditev,Ncfsa,NOUN,O,,O
sl-8,22,15,sprejema,,sprejem,Ncmsg,NOUN,O,,O
sl-8,22,16,Severne,Severna,severen,Agpfsg,ADJ,B-LOC,GPE-Northern-Macedonia,B-LOC
sl-8,22,17,Makedonije,Makedonija,Makedonija,Npfsg,PROPN,I-LOC,GPE-Northern-Macedonia,I-LOC
sl-8,22,18,v,,v,Sa,ADP,O,,O
sl-8,22,19,Nato,Nato,Nato,Npmsan,PROPN,B-ORG,ORG-NATO,B-ORG
sl-8,22,20,",",,",",Z,PUNCT,O,,O
sl-8,22,21,ki,,ki,Cs,SCONJ,O,,O
sl-8,22,22,bo,,biti,Va-f3s-n,AUX,O,,O
sl-8,22,23,imel,,imeti,Vmpp-sm,VERB,O,,O
sl-8,22,24,tako,,tako,Rgp,ADV,O,,O
sl-8,22,25,30,,30,Mdc,NUM,O,,O
sl-8,22,26,članic,,članica,Ncfpg,NOUN,O,,O
sl-8,22,27,.,,.,Z,PUNCT,O,,O
sl-8,23,1,Nato,Nato,nato,Rgp,ADV,B-ORG,ORG-NATO,O
sl-8,23,2,je,,biti,Va-r3s-n,AUX,O,,O
sl-8,23,3,utrdil,,utrditi,Vmep-sm,VERB,O,,O
sl-8,23,4,prisotnost,,prisotnost,Ncfsa,NOUN,O,,O
sl-8,23,5,v,,v,Sl,ADP,O,,O
sl-8,23,6,Baltiku,Baltik,Baltik,Npmsl,PROPN,B-LOC,LOC-Baltic-Sea,B-LOC
sl-8,23,7,in,,in,Cc,CCONJ,O,,O
sl-8,23,8,Črnem,Črno,črn,Agpnsl,ADJ,B-LOC,LOC-Black-Sea,B-LOC
sl-8,23,9,morju,morje,morje,Ncnsl,NOUN,I-LOC,LOC-Black-Sea,I-LOC
sl-8,23,10,",",,",",Z,PUNCT,O,,O
sl-8,23,11,izboljšuje,,izboljševati,Vmpr3s,VERB,O,,O
sl-8,23,12,pripravljenost,,pripravljenost,Ncfsa,NOUN,O,,O
sl-8,23,13,sil,,sila,Ncfpg,NOUN,O,,O
sl-8,23,14,in,,in,Cc,CCONJ,O,,O
sl-8,23,15,odpornost,,odpornost,Ncfsa,NOUN,O,,O
sl-8,23,16,pred,,pred,Si,ADP,O,,O
sl-8,23,17,hibridnimi,,hibriden,Agpfpi,ADJ,O,,O
sl-8,23,18,in,,in,Cc,CCONJ,O,,O
sl-8,23,19,kibernetskimi,,kibernetski,Agpfpi,ADJ,O,,O
sl-8,23,20,grožnjami,,grožnja,Ncfpi,NOUN,O,,O
sl-8,23,21,sodobnega,,sodoben,Agpmsg,ADJ,O,,O
sl-8,23,22,časa,,čas,Ncmsg,NOUN,O,,O
sl-8,23,23,.,,.,Z,PUNCT,O,,O
sl-8,24,1,“,,“,Z,PUNCT,O,,O
sl-8,24,2,Za,,za,Sa,ADP,O,,O
sl-8,24,3,vse,,ves,Pg-nsa,DET,O,,O
sl-8,24,4,to,,ta,Pd-nsa,DET,O,,O
sl-8,24,5,so,,biti,Va-r3p-n,AUX,O,,O
sl-8,24,6,potrebna,,potreben,Agpnpn,ADJ,O,,O
sl-8,24,7,dodatna,,dodaten,Agpnpn,ADJ,O,,O
sl-8,24,8,vlaganja,,vlaganje,Ncnpn,NOUN,O,,O
sl-8,24,9,vseh,,ves,Pg-mpg,DET,O,,O
sl-8,24,10,.,,.,Z,PUNCT,O,,O
sl-8,25,1,Kanada,Kanada,Kanada,Npfsn,PROPN,B-LOC,GPE-Canada,B-LOC
sl-8,25,2,in,,in,Cc,CCONJ,O,,O
sl-8,25,3,evropski,Evropa,evropski,Agpmpn,ADJ,B-LOC,LOC-Europe,B-LOC
sl-8,25,4,zavezniki,,zaveznik,Ncmpn,NOUN,O,,O
sl-8,25,5,bodo,,biti,Va-f3p-n,AUX,O,,O
sl-8,25,6,do,,do,Sg,ADP,O,,O
sl-8,25,7,konca,,konec,Ncmsg,NOUN,O,,O
sl-8,25,8,leta,,leto,Ncnsg,NOUN,O,,O
sl-8,25,9,2020,,2020,Mdc,NUM,O,,O
sl-8,25,10,vložili,,vložiti,Vmep-pm,VERB,O,,O
sl-8,25,11,dodatnih,,dodaten,Agpfpg,ADJ,O,,O
sl-8,25,12,100,,100,Mdc,NUM,O,,O
sl-8,25,13,milijard,,milijarda,Ncfpg,NOUN,O,,O
sl-8,25,14,dolarjev,,dolar,Ncmpg,NOUN,O,,O
sl-8,25,15,za,,za,Sa,ADP,O,,O
sl-8,25,16,kolektivno,,kolektiven,Agpfsa,ADJ,O,,O
sl-8,25,17,varnost,,varnost,Ncfsa,NOUN,O,,O
sl-8,25,18,.,,.,Z,PUNCT,O,,O
sl-8,26,1,Amerika,Amerika,Amerika,Npfsn,PROPN,B-LOC,GPE-USA,B-PER
sl-8,26,2,je,,biti,Va-r3s-n,AUX,O,,O
sl-8,26,3,za,,za,Sa,ADP,O,,O
sl-8,26,4,ta,,ta,Pd-npa,DET,O,,O
sl-8,26,5,prizadevanja,,prizadevanje,Ncnpa,NOUN,O,,O
sl-8,26,6,hvaležna,,hvaležen,Agpfsn,ADJ,O,,O
sl-8,26,7,",",,",",Z,PUNCT,O,,O
sl-8,26,8,ampak,,ampak,Cc,CCONJ,O,,O
sl-8,26,9,moramo,,morati,Vmpr1p,VERB,O,,O
sl-8,26,10,storiti,,storiti,Vmen,VERB,O,,O
sl-8,26,11,več,,več,Rgc,DET,O,,O
sl-8,26,12,",",,",",Z,PUNCT,O,,O
sl-8,26,13,”,,”,Z,PUNCT,O,,O
sl-8,26,14,je,,biti,Va-r3s-n,AUX,O,,O
sl-8,26,15,dejal,,dejati,Vmep-sm,VERB,O,,O
sl-8,26,16,Pompeo,Pompeo,Pompeo,Npmsn,PROPN,B-PER,PER-Mike-Pompeo,B-PER
sl-8,26,17,.,,.,Z,PUNCT,O,,O
