docId,sentenceId,tokenId,text,lemma,calcLemma,upos,xpos,ner,clID,calcNER
sl-69,0,1,Rusija,Rusija,Rusija,Npfsn,PROPN,B-LOC,GPE-Russia,B-LOC
sl-69,0,2,in,,in,Cc,CCONJ,O,,O
sl-69,0,3,Ukrajina,Ukrajina,Ukrajina,Npfsn,PROPN,B-LOC,GPE-Ukraine,B-LOC
sl-69,0,4,nadaljujeta,,nadaljevati,Vmpr3d,VERB,O,,O
sl-69,0,5,plinski,,plinski,Agpmsay,ADJ,O,,O
sl-69,0,6,poker,,poker,Ncmsan,NOUN,O,,O
sl-69,0,7,:,,:,Z,PUNCT,O,,O
sl-69,0,8,kako,,kako,Rgp,ADV,O,,O
sl-69,0,9,pomembna,,pomemben,Agpfsn,ADJ,O,,O
sl-69,0,10,tranzitna,,tranziten,Agpfsn,ADJ,O,,O
sl-69,0,11,država,,država,Ncfsn,NOUN,O,,O
sl-69,0,12,za,,za,Sa,ADP,O,,O
sl-69,0,13,ruski,,ruski,Agpmsay,ADJ,O,,O
sl-69,0,14,plin,,plin,Ncmsan,NOUN,O,,O
sl-69,0,15,bo,,biti,Va-f3s-n,VERB,O,,O
sl-69,0,16,še,,še,Q,PART,O,,O
sl-69,0,17,Ukrajina,Ukrajina,Ukrajina,Npfsn,PROPN,B-LOC,GPE-Ukraine,B-LOC
sl-69,0,18,?,,?,Z,PUNCT,O,,O
sl-69,1,1,Predstavništvo,Predstavništvo,predstavništvo,Ncnsn,NOUN,B-ORG,ORG-Representation-of-the-European-Commission-in-Germany,B-ORG
sl-69,1,2,evropske,evropske,evropski,Agpfsg,ADJ,I-ORG,ORG-Representation-of-the-European-Commission-in-Germany,I-ORG
sl-69,1,3,komisije,komisije,komisija,Ncfsg,NOUN,I-ORG,ORG-Representation-of-the-European-Commission-in-Germany,I-ORG
sl-69,1,4,v,v,v,Sl,ADP,I-ORG,ORG-Representation-of-the-European-Commission-in-Germany,I-ORG
sl-69,1,5,Berlinu,Berlinu,Berlin,Npmsl,PROPN,I-ORG,ORG-Representation-of-the-European-Commission-in-Germany,I-ORG
sl-69,1,6,je,,biti,Va-r3s-n,AUX,O,,O
sl-69,1,7,včeraj,,včeraj,Rgp,ADV,O,,O
sl-69,1,8,za,,za,Sa,ADP,O,,O
sl-69,1,9,nekaj,,nekaj,Rgp,DET,O,,O
sl-69,1,10,ur,,ura,Ncfpg,NOUN,O,,O
sl-69,1,11,postalo,,postati,Vmep-sn,VERB,O,,O
sl-69,1,12,središče,,središče,Ncnsn,NOUN,O,,O
sl-69,1,13,energetskega,,energetski,Agpnsg,ADJ,O,,O
sl-69,1,14,geopolitičnega,,geopolitičen,Agpnsg,ADJ,O,,O
sl-69,1,15,merjenja,,merjenje,Ncnsg,NOUN,O,,O
sl-69,1,16,moči,,moč,Ncfsg,NOUN,O,,O
sl-69,1,17,med,,med,Si,ADP,O,,O
sl-69,1,18,Rusijo,Rusija,Rusija,Npfsi,PROPN,B-LOC,GPE-Russia,B-LOC
sl-69,1,19,",",,",",Z,PUNCT,O,,O
sl-69,1,20,Ukrajino,Ukrajina,Ukrajina,Npfsi,PROPN,B-LOC,GPE-Ukraine,B-LOC
sl-69,1,21,",",,",",Z,PUNCT,O,,O
sl-69,1,22,Evropsko,Evropska,evropski,Agpfsi,ADJ,B-ORG,ORG-European-Union,B-ORG
sl-69,1,23,unijo,unija,unija,Ncfsi,NOUN,I-ORG,ORG-European-Union,I-ORG
sl-69,1,24,in,,in,Cc,CCONJ,O,,O
sl-69,1,25,tudi,,tudi,Q,PART,O,,O
sl-69,1,26,ZDA,ZDA,ZDA,Npfpi,PROPN,B-LOC,GPE-USA,B-LOC
sl-69,1,27,",",,",",Z,PUNCT,O,,O
sl-69,1,28,pa,,pa,Cc,CCONJ,O,,O
sl-69,1,29,čeprav,,čeprav,Cs,SCONJ,O,,O
sl-69,1,30,predstavniki,,predstavnik,Ncmpn,NOUN,O,,O
sl-69,1,31,slednje,,slednji,Agpfsg,ADJ,O,,O
sl-69,1,32,države,,država,Ncfsg,NOUN,O,,O
sl-69,1,33,sploh,,sploh,Q,PART,O,,O
sl-69,1,34,niso,,biti,Va-r3p-y,AUX,O,,O
sl-69,1,35,bili,,biti,Va-p-pm,AUX,O,,O
sl-69,1,36,prisotni,,prisoten,Agpmpn,ADJ,O,,O
sl-69,1,37,.,,.,Z,PUNCT,O,,O
sl-69,2,1,Za,,za,Sa,ADP,O,,O
sl-69,2,2,mizo,,miza,Ncfsa,NOUN,O,,O
sl-69,2,3,v,,v,Sl,ADP,O,,O
sl-69,2,4,diplomatskem,,diplomatski,Agpnsl,ADJ,O,,O
sl-69,2,5,predstavništvu,,predstavništvo,Ncnsl,NOUN,O,,O
sl-69,2,6,so,,biti,Va-r3p-n,AUX,O,,O
sl-69,2,7,sedli,,sesti,Vmep-pm,VERB,O,,O
sl-69,2,8,štirje,,štirje,Mlcmpn,NUM,O,,O
sl-69,2,9,možje,,mož,Ncmpn,NOUN,O,,O
sl-69,2,10,",",,",",Z,PUNCT,O,,O
sl-69,2,11,ki,,ki,Cs,SCONJ,O,,O
sl-69,2,12,naj,,naj,Q,PART,O,,O
sl-69,2,13,bi,,biti,Va-c,AUX,O,,O
sl-69,2,14,v,,v,Sl,ADP,O,,O
sl-69,2,15,prihodnjih,,prihodnji,Agpmpl,ADJ,O,,O
sl-69,2,16,mesecih,,mesec,Ncmpl,NOUN,O,,O
sl-69,2,17,razrešili,,razrešiti,Vmep-pm,VERB,O,,O
sl-69,2,18,drugi,,drug,Mlpmsay,ADJ,O,,O
sl-69,2,19,največji,,velik,Agsmsay,ADJ,O,,O
sl-69,2,20,spor,,spor,Ncmsan,NOUN,O,,O
sl-69,2,21,med,,med,Si,ADP,O,,O
sl-69,2,22,sosedama,,soseda,Ncfdi,NOUN,O,,O
sl-69,2,23,",",,",",Z,PUNCT,O,,O
sl-69,2,24,po,,po,Sl,ADP,O,,O
sl-69,2,25,pomembnosti,,pomembnost,Ncfsl,NOUN,O,,O
sl-69,2,26,takoj,,takoj,Rgp,ADV,O,,O
sl-69,2,27,za,,za,Si,ADP,O,,O
sl-69,2,28,rusko,ruska,ruski,Agpfsa,ADJ,B-EVT,EVT-Annexation-of-Crimea,I-EVT
sl-69,2,29,pripojitvijo,pripojitev,pripojitev,Ncfsi,NOUN,I-EVT,EVT-Annexation-of-Crimea,I-EVT
sl-69,2,30,Krima,Krima,Krim,Npmsg,PROPN,I-EVT,EVT-Annexation-of-Crimea,I-EVT
sl-69,2,31,.,,.,Z,PUNCT,O,,O
sl-69,3,1,Ukrajinski,Ukrajina,ukrajinski,Agpmsny,ADJ,B-LOC,GPE-Ukraine,B-LOC
sl-69,3,2,zunanji,,zunanji,Agpmsny,ADJ,O,,O
sl-69,3,3,minister,,minister,Ncmsn,NOUN,O,,O
sl-69,3,4,Pavlo,Pavlo,Pavlo,Npmsn,PROPN,B-PER,PER-Pavlo-Klimkin,B-PER
sl-69,3,5,Klimkin,Klimkin,Klimkin,Npmsn,PROPN,I-PER,PER-Pavlo-Klimkin,I-PER
sl-69,3,6,",",,",",Z,PUNCT,O,,O
sl-69,3,7,ruski,,ruski,Agpmsny,ADJ,O,,O
sl-69,3,8,energetski,,energetski,Agpmsny,ADJ,O,,O
sl-69,3,9,minister,,minister,Ncmsn,NOUN,O,,O
sl-69,3,10,Aleksander,Aleksander,Aleksander,Npmsn,PROPN,B-PER,PER-Aleksandr-Novak,B-PER
sl-69,3,11,Novak,Novak,Novak,Npmsn,PROPN,I-PER,PER-Aleksandr-Novak,I-PER
sl-69,3,12,",",,",",Z,PUNCT,O,,O
sl-69,3,13,šef,,šef,Ncmsn,NOUN,O,,O
sl-69,3,14,ukrajinskega,,ukrajinski,Agpnsg,ADJ,O,,O
sl-69,3,15,energetskega,,energetski,Agpnsg,ADJ,O,,O
sl-69,3,16,podjetja,,podjetje,Ncnsg,NOUN,O,,O
sl-69,3,17,Naftogaz,Naftogaz,Naftogaz,Npmsn,PROPN,B-ORG,ORG-Naftogaz,B-ORG
sl-69,3,18,Andrej,Andrej,Andrej,Npmsn,PROPN,B-PER,PER-Andriy-Kobolyev,B-PER
sl-69,3,19,Kobolev,Kobolev,Kobolev,Npmsn,PROPN,I-PER,PER-Andriy-Kobolyev,I-PER
sl-69,3,20,in,,in,Cc,CCONJ,O,,O
sl-69,3,21,šef,,šef,Ncmsn,NOUN,O,,O
sl-69,3,22,ruskega,,ruski,Agpmsg,ADJ,O,,O
sl-69,3,23,Gazproma,Gazprom,Gazprom,Npmsg,PROPN,B-ORG,ORG-Gazprom,B-ORG
sl-69,3,24,Aleksej,Aleksej,Aleksej,Npmsn,PROPN,B-PER,PER-Aleksey-Miller,B-PER
sl-69,3,25,Miller,Miller,Miller,Npmsn,PROPN,I-PER,PER-Aleksey-Miller,I-PER
sl-69,3,26,so,,biti,Va-r3p-n,AUX,O,,O
sl-69,3,27,pod,,pod,Si,ADP,O,,O
sl-69,3,28,posredništvom,,posredništvo,Ncnsi,NOUN,O,,O
sl-69,3,29,podpredsednika,,podpredsednik,Ncmsg,NOUN,O,,O
sl-69,3,30,evropske,evropska,evropski,Agpfsg,ADJ,B-ORG,ORG-European-Commission,B-ORG
sl-69,3,31,komisije,komisija,komisija,Ncfsg,NOUN,I-ORG,ORG-European-Commission,I-ORG
sl-69,3,32,Maroša,Maroš,Maroš,Npmsg,PROPN,B-PER,PER-Maros-Sefcovic,B-PER
sl-69,3,33,Šefčoviča,Šefčovič,Šefčovič,Npmsg,PROPN,I-PER,PER-Maros-Sefcovic,I-PER
sl-69,3,34,",",,",",Z,PUNCT,O,,O
sl-69,3,35,pristojnega,,pristojen,Agpmsg,ADJ,O,,O
sl-69,3,36,za,,za,Sa,ADP,O,,O
sl-69,3,37,energetsko,energetska,energetski,Agpfsa,ADJ,B-ORG,ORG-Energy-union,B-ORG
sl-69,3,38,unijo,unija,unija,Ncfsa,NOUN,I-ORG,ORG-Energy-union,I-ORG
sl-69,3,39,",",,",",Z,PUNCT,O,,O
sl-69,3,40,sedli,,sesti,Vmep-pm,VERB,O,,O
sl-69,3,41,k,,k,Sd,ADP,O,,O
sl-69,3,42,prvemu,,prvi,Mlomsd,ADJ,O,,O
sl-69,3,43,krogu,,krog,Ncmsd,NOUN,O,,O
sl-69,3,44,pogajanj,,pogajanje,Ncnpg,NOUN,O,,O
sl-69,3,45,o,,o,Sl,ADP,O,,O
sl-69,3,46,prenosu,,prenos,Ncmsl,NOUN,O,,O
sl-69,3,47,ruskega,,ruski,Agpmsg,ADJ,O,,O
sl-69,3,48,plina,,plin,Ncmsg,NOUN,O,,O
sl-69,3,49,čez,,čez,Sa,ADP,O,,O
sl-69,3,50,ukrajinsko,Ukrajina,ukrajinski,Agpnsa,ADJ,B-LOC,GPE-Ukraine,B-LOC
sl-69,3,51,ozemlje,,ozemlje,Ncnsa,NOUN,O,,O
sl-69,3,52,",",,",",Z,PUNCT,O,,O
sl-69,3,53,ki,,ki,Cs,SCONJ,O,,O
sl-69,3,54,se,,se,Px------y,PRON,O,,O
sl-69,3,55,bodo,,biti,Va-f3p-n,AUX,O,,O
sl-69,3,56,vlekla,,vleči,Vmpp-pn,VERB,O,,O
sl-69,3,57,več,,več,Rgc,DET,O,,O
sl-69,3,58,mesecev,,mesec,Ncmpg,NOUN,O,,O
sl-69,3,59,.,,.,Z,PUNCT,O,,O
sl-69,4,1,Prava,,pravi,Agpnpn,ADJ,O,,O
sl-69,4,2,pogajanja,,pogajanje,Ncnpn,NOUN,O,,O
sl-69,4,3,to,,ta,Pd-nsn,DET,O,,O
sl-69,4,4,včeraj,,včeraj,Rgp,ADV,O,,O
sl-69,4,5,še,,še,Q,PART,O,,O
sl-69,4,6,niso,,biti,Va-r3p-y,AUX,O,,O
sl-69,4,7,bila,,biti,Va-p-pn,AUX,O,,O
sl-69,4,8,.,,.,Z,PUNCT,O,,O
sl-69,5,1,Vse,,ves,Pg-fpa,DET,O,,O
sl-69,5,2,vpletene,,vpleten,Appfpa,ADJ,O,,O
sl-69,5,3,strani,,stran,Ncfpa,NOUN,O,,O
sl-69,5,4,so,,biti,Va-r3p-n,AUX,O,,O
sl-69,5,5,namreč,,namreč,Cc,CCONJ,O,,O
sl-69,5,6,določile,,določiti,Vmep-pf,VERB,O,,O
sl-69,5,7,zgolj,,zgolj,Q,PART,O,,O
sl-69,5,8,",",,",",Z,PUNCT,O,,O
sl-69,5,9,kako,,kako,Rgp,ADV,O,,O
sl-69,5,10,pogosto,,pogosto,Rgp,ADV,O,,O
sl-69,5,11,se,,se,Px------y,PRON,O,,O
sl-69,5,12,bodo,,biti,Va-f3p-n,AUX,O,,O
sl-69,5,13,v,,v,Sl,ADP,O,,O
sl-69,5,14,prihodnjih,,prihodnji,Agpmpl,ADJ,O,,O
sl-69,5,15,mesecih,,mesec,Ncmpl,NOUN,O,,O
sl-69,5,16,sestajali,,sestajati,Vmpp-pm,VERB,O,,O
sl-69,5,17,",",,",",Z,PUNCT,O,,O
sl-69,5,18,da,,da,Cs,SCONJ,O,,O
sl-69,5,19,bi,,biti,Va-c,AUX,O,,O
sl-69,5,20,razrešili,,razrešiti,Vmep-pm,VERB,O,,O
sl-69,5,21,enega,,en,Mlpmsa,NUM,O,,O
sl-69,5,22,bolj,,bolj,Rgc,ADV,O,,O
sl-69,5,23,zapletenih,,zapleten,Agpmpg,ADJ,O,,O
sl-69,5,24,plinskih,,plinski,Agpmpg,ADJ,O,,O
sl-69,5,25,sporov,,spor,Ncmpg,NOUN,O,,O
sl-69,5,26,",",,",",Z,PUNCT,O,,O
sl-69,5,27,v,,v,Sl,ADP,O,,O
sl-69,5,28,katerem,,kateri,Pq-msl,DET,O,,O
sl-69,5,29,se,,se,Px------y,PRON,O,,O
sl-69,5,30,mešajo,,mešati,Vmpr3p,VERB,O,,O
sl-69,5,31,ameriški,,ameriški,Agpmpn,ADJ,O,,O
sl-69,5,32,geopolitični,,geopolitičen,Agpmpn,ADJ,O,,O
sl-69,5,33,in,,in,Cc,CCONJ,O,,O
sl-69,5,34,gospodarski,,gospodarski,Agpmpn,ADJ,O,,O
sl-69,5,35,interesi,,interes,Ncmpn,NOUN,O,,O
sl-69,5,36,",",,",",Z,PUNCT,O,,O
sl-69,5,37,evropska,,evropski,Agpfsn,ADJ,O,,O
sl-69,5,38,potreba,,potreba,Ncfsn,NOUN,O,,O
sl-69,5,39,po,,po,Sl,ADP,O,,O
sl-69,5,40,diverzifikaciji,,diverzifikacija,Ncfsl,NOUN,O,,O
sl-69,5,41,energetske,,energetski,Agpfsg,ADJ,O,,O
sl-69,5,42,oskrbe,,oskrba,Ncfsg,NOUN,O,,O
sl-69,5,43,",",,",",Z,PUNCT,O,,O
sl-69,5,44,nemški,,nemški,Agpmpn,ADJ,O,,O
sl-69,5,45,in,,in,Cc,CCONJ,O,,O
sl-69,5,46,ruski,,ruski,Agpmpn,ADJ,O,,O
sl-69,5,47,gospodarski,,gospodarski,Agpmpn,ADJ,O,,O
sl-69,5,48,interesi,,interes,Ncmpn,NOUN,O,,O
sl-69,5,49,ter,,ter,Cc,CCONJ,O,,O
sl-69,5,50,strah,,strah,Ncmsn,NOUN,O,,O
sl-69,5,51,vzhodnih,,vzhoden,Agpfpg,ADJ,O,,O
sl-69,5,52,držav,,država,Ncfpg,NOUN,O,,O
sl-69,5,53,članic,,članica,Ncfpg,NOUN,O,,O
sl-69,5,54,pred,,pred,Si,ADP,O,,O
sl-69,5,55,energetsko,,energetski,Agpfsi,ADJ,O,,O
sl-69,5,56,odvisnostjo,,odvisnost,Ncfsi,NOUN,O,,O
sl-69,5,57,od,,od,Sg,ADP,O,,O
sl-69,5,58,Rusije,Rusija,Rusija,Npfsg,PROPN,B-LOC,GPE-Russia,B-LOC
sl-69,5,59,.,,.,Z,PUNCT,O,,O
sl-69,6,1,Koliko,,koliko,Rgp,DET,O,,O
sl-69,6,2,ruskega,,ruski,Agpmsg,ADJ,O,,O
sl-69,6,3,plina,,plin,Ncmsg,NOUN,O,,O
sl-69,6,4,bo,,biti,Va-f3s-n,AUX,O,,O
sl-69,6,5,v,,v,Sl,ADP,O,,O
sl-69,6,6,EU,EU,EU,Npfsl,PROPN,B-ORG,ORG-European-Union,B-ORG
sl-69,6,7,še,,še,Q,PART,O,,O
sl-69,6,8,prispelo,,prispeti,Vmep-sn,VERB,O,,O
sl-69,6,9,skozi,,skozi,Sa,ADP,O,,O
sl-69,6,10,Ukrajino,Ukrajina,Ukrajina,Npfsa,PROPN,B-LOC,GPE-Ukraine,B-LOC
sl-69,6,11,?,,?,Z,PUNCT,O,,O
sl-69,7,1,Pogajalci,,pogajalec,Ncmpn,NOUN,O,,O
sl-69,7,2,bodo,,biti,Va-f3p-n,AUX,O,,O
sl-69,7,3,poskušali,,poskušati,Vmpp-pm,VERB,O,,O
sl-69,7,4,streti,,streti,Vmen,VERB,O,,O
sl-69,7,5,trd,,trd,Agpmsan,ADJ,O,,O
sl-69,7,6,energetsko-geopolitični,,energetskongeopolitičen,Agpmsay,ADJ,O,,O
sl-69,7,7,oreh,,oreh,Ncmsan,NOUN,O,,O
sl-69,7,8,:,,:,Z,PUNCT,O,,O
sl-69,7,9,koliko,,koliko,Rgp,DET,O,,O
sl-69,7,10,ruskega,,ruski,Agpmsg,ADJ,O,,O
sl-69,7,11,plina,,plin,Ncmsg,NOUN,O,,O
sl-69,7,12,in,,in,Cc,CCONJ,O,,O
sl-69,7,13,pod,,pod,Si,ADP,O,,O
sl-69,7,14,kakšnimi,,kakšen,Pq-mpi,DET,O,,O
sl-69,7,15,pogoji,,pogoj,Ncmpi,NOUN,O,,O
sl-69,7,16,naj,,naj,Q,PART,O,,O
sl-69,7,17,proti,,proti,Sd,ADP,O,,O
sl-69,7,18,Evropski,Evropska,evropski,Agpfsd,ADJ,B-ORG,ORG-European-Union,B-ORG
sl-69,7,19,uniji,unija,unija,Ncfsd,NOUN,I-ORG,ORG-European-Union,I-ORG
sl-69,7,20,še,,še,Q,PART,O,,O
sl-69,7,21,teče,,teči,Vmpr3s,VERB,O,,O
sl-69,7,22,čez,,čez,Sa,ADP,O,,O
sl-69,7,23,ukrajinsko,Ukrajina,ukrajinski,Agpnsa,ADJ,B-LOC,GPE-Ukraine,B-LOC
sl-69,7,24,ozemlje,,ozemlje,Ncnsa,NOUN,O,,O
sl-69,7,25,po,,po,Sl,ADP,O,,O
sl-69,7,26,letu,,leto,Ncnsl,NOUN,O,,O
sl-69,7,27,2019,,2019,Mdc,NUM,O,,O
sl-69,7,28,",",,",",Z,PUNCT,O,,O
sl-69,7,29,ko,,ko,Cs,SCONJ,O,,O
sl-69,7,30,poteče,,poteči,Vmer3s,VERB,O,,O
sl-69,7,31,desetletna,,desetleten,Agpfsn,ADJ,O,,O
sl-69,7,32,pogodba,pogodba,pogodba,Ncfsn,NOUN,B-PRO,PRO-Russia-Ukraine-gas-transit-deal,I-PRO
sl-69,7,33,o,o,o,Sl,ADP,I-PRO,PRO-Russia-Ukraine-gas-transit-deal,I-PRO
sl-69,7,34,prenosu,prenosu,prenos,Ncmsl,NOUN,I-PRO,PRO-Russia-Ukraine-gas-transit-deal,I-PRO
sl-69,7,35,zemeljskega,zemeljskega,zemeljski,Agpmsg,ADJ,I-PRO,PRO-Russia-Ukraine-gas-transit-deal,I-PRO
sl-69,7,36,plina,plina,plin,Ncmsg,NOUN,I-PRO,PRO-Russia-Ukraine-gas-transit-deal,I-PRO
sl-69,7,37,med,med,med,Si,ADP,I-PRO,PRO-Russia-Ukraine-gas-transit-deal,I-PRO
sl-69,7,38,Rusijo,Rusijo,Rusija,Npfsi,PROPN,I-PRO,PRO-Russia-Ukraine-gas-transit-deal,I-PRO
sl-69,7,39,in,in,in,Cc,CCONJ,I-PRO,PRO-Russia-Ukraine-gas-transit-deal,O
sl-69,7,40,Ukrajino,Ukrajino,Ukrajina,Npfsi,PROPN,I-PRO,PRO-Russia-Ukraine-gas-transit-deal,B-LOC
sl-69,7,41,.,,.,Z,PUNCT,O,,O
sl-69,8,1,Ko,,ko,Cs,SCONJ,O,,O
sl-69,8,2,sta,,biti,Va-r3d-n,AUX,O,,O
sl-69,8,3,se,,se,Px------y,PRON,O,,O
sl-69,8,4,Ukrajina,Ukrajina,Ukrajina,Npfsn,PROPN,B-LOC,GPE-Ukraine,B-LOC
sl-69,8,5,in,,in,Cc,CCONJ,O,,O
sl-69,8,6,Rusija,Rusija,Rusija,Npfsn,PROPN,B-LOC,GPE-Russia,B-LOC
sl-69,8,7,pred,,pred,Si,ADP,O,,O
sl-69,8,8,leti,,leto,Ncnpi,NOUN,O,,O
sl-69,8,9,znašli,,znajti,Vmep-df,VERB,O,,O
sl-69,8,10,v,,v,Sl,ADP,O,,O
sl-69,8,11,zaostrenih,,zaostren,Appmpl,ADJ,O,,O
sl-69,8,12,geopolitičnih,,geopolitičen,Agpmpl,ADJ,O,,O
sl-69,8,13,odnosih,,odnos,Ncmpl,NOUN,O,,O
sl-69,8,14,",",,",",Z,PUNCT,O,,O
sl-69,8,15,tudi,,tudi,Q,PART,O,,O
sl-69,8,16,zaradi,,zaradi,Sg,ADP,O,,O
sl-69,8,17,premikov,,premik,Ncmpg,NOUN,O,,O
sl-69,8,18,Nata,Nato,Nato,Npmsg,PROPN,B-ORG,ORG-NATO,B-ORG
sl-69,8,19,proti,,proti,Sd,ADP,O,,O
sl-69,8,20,ruskim,,ruski,Agpfpd,ADJ,O,,O
sl-69,8,21,mejam,,meja,Ncfpd,NOUN,O,,O
sl-69,8,22,",",,",",Z,PUNCT,O,,O
sl-69,8,23,so,,biti,Va-r3p-n,AUX,O,,O
sl-69,8,24,se,,se,Px------y,PRON,O,,O
sl-69,8,25,napetosti,,napetost,Ncfpn,NOUN,O,,O
sl-69,8,26,zaostrile,,zaostriti,Vmep-pf,VERB,O,,O
sl-69,8,27,tudi,,tudi,Q,PART,O,,O
sl-69,8,28,na,,na,Sl,ADP,O,,O
sl-69,8,29,energetskem,,energetski,Agpnsl,ADJ,O,,O
sl-69,8,30,področju,,področje,Ncnsl,NOUN,O,,O
sl-69,8,31,.,,.,Z,PUNCT,O,,O
sl-69,9,1,Ukrajina,Ukrajina,Ukrajina,Npfsn,PROPN,B-LOC,GPE-Ukraine,B-LOC
sl-69,9,2,ni,,biti,Va-r3s-y,AUX,O,,O
sl-69,9,3,več,,več,Q,PART,O,,O
sl-69,9,4,hotela,,hoteti,Vmpp-sf,VERB,O,,O
sl-69,9,5,plačevati,,plačevati,Vmpn,VERB,O,,O
sl-69,9,6,visokih,,visok,Agpfpg,ADJ,O,,O
sl-69,9,7,dobavnih,,dobaven,Agpfpg,ADJ,O,,O
sl-69,9,8,cen,,cena,Ncfpg,NOUN,O,,O
sl-69,9,9,zemeljskega,,zemeljski,Agpmsg,ADJ,O,,O
sl-69,9,10,plina,,plin,Ncmsg,NOUN,O,,O
sl-69,9,11,",",,",",Z,PUNCT,O,,O
sl-69,9,12,zaradi,,zaradi,Sg,ADP,O,,O
sl-69,9,13,česar,,kar,Pr-nsg,PRON,O,,O
sl-69,9,14,je,,biti,Va-r3s-n,AUX,O,,O
sl-69,9,15,Rusija,Rusija,Rusija,Npfsn,PROPN,B-LOC,GPE-Russia,B-LOC
sl-69,9,16,zmanjšala,,zmanjšati,Vmep-sf,VERB,O,,O
sl-69,9,17,dobavo,,dobava,Ncfsa,NOUN,O,,O
sl-69,9,18,plina,,plin,Ncmsg,NOUN,O,,O
sl-69,9,19,v,,v,Sa,ADP,O,,O
sl-69,9,20,Ukrajino,Ukrajina,Ukrajina,Npfsa,PROPN,B-LOC,GPE-Ukraine,B-LOC
sl-69,9,21,",",,",",Z,PUNCT,O,,O
sl-69,9,22,ta,,ta,Pd-fsn,DET,O,,O
sl-69,9,23,pa,,pa,Cc,CCONJ,O,,O
sl-69,9,24,si,,se,Px---d--y,PRON,O,,O
sl-69,9,25,je,,biti,Va-r3s-n,AUX,O,,O
sl-69,9,26,odščipnila,,odščipniti,Vmep-sf,VERB,O,,O
sl-69,9,27,svoj,,svoj,Px-msa,DET,O,,O
sl-69,9,28,delež,,delež,Ncmsan,NOUN,O,,O
sl-69,9,29,od,,od,Sg,ADP,O,,O
sl-69,9,30,zmanjšanih,,zmanjšan,Appfpg,ADJ,O,,O
sl-69,9,31,dobavljenih,,dobavljen,Appfpg,ADJ,O,,O
sl-69,9,32,kapacitet,,kapaciteta,Ncfpg,NOUN,O,,O
sl-69,9,33,",",,",",Z,PUNCT,O,,O
sl-69,9,34,kar,,kar,Pr-nsn,PRON,O,,O
sl-69,9,35,je,,biti,Va-r3s-n,AUX,O,,O
sl-69,9,36,Evropsko,Evropska,evropski,Agpfsa,ADJ,B-ORG,ORG-European-Union,B-ORG
sl-69,9,37,unijo,unija,unija,Ncfsa,NOUN,I-ORG,ORG-European-Union,I-ORG
sl-69,9,38,pred,,pred,Si,ADP,O,,O
sl-69,9,39,slabim,,slab,Agpnsi,ADJ,O,,O
sl-69,9,40,desetletjem,,desetletje,Ncnsi,NOUN,O,,O
sl-69,9,41,vsaj,,vsaj,Q,PART,O,,O
sl-69,9,42,dvakrat,,dvakrat,Rgp,ADV,O,,O
sl-69,9,43,pahnilo,,pahniti,Vmep-sn,VERB,O,,O
sl-69,9,44,v,,v,Sa,ADP,O,,O
sl-69,9,45,težave,,težava,Ncfpa,NOUN,O,,O
sl-69,9,46,pri,,pri,Sl,ADP,O,,O
sl-69,9,47,oskrbi,,oskrba,Ncfsl,NOUN,O,,O
sl-69,9,48,z,,z,Si,ADP,O,,O
sl-69,9,49,zemeljskim,,zemeljski,Agpmsi,ADJ,O,,O
sl-69,9,50,plinom,,plin,Ncmsi,NOUN,O,,O
sl-69,9,51,.,,.,Z,PUNCT,O,,O
sl-69,10,1,Deset,,deset,Mlc-pa,NUM,O,,O
sl-69,10,2,let,,leto,Ncnpg,NOUN,O,,O
sl-69,10,3,pozneje,,pozno,Rgc,ADV,O,,O
sl-69,10,4,spor,,spor,Ncmsn,NOUN,O,,O
sl-69,10,5,še,,še,Q,PART,O,,O
sl-69,10,6,vedno,,vedno,Rgp,ADV,O,,O
sl-69,10,7,ni,,biti,Va-r3s-y,AUX,O,,O
sl-69,10,8,dokončno,,dokončno,Rgp,ADV,O,,O
sl-69,10,9,rešen,,rešen,Appmsnn,ADJ,O,,O
sl-69,10,10,.,,.,Z,PUNCT,O,,O
sl-69,11,1,»,,»,Z,PUNCT,O,,O
sl-69,11,2,Čas,,čas,Ncmsn,NOUN,O,,O
sl-69,11,3,se,,se,Px------y,PRON,O,,O
sl-69,11,4,hitro,,hitro,Rgp,ADV,O,,O
sl-69,11,5,izteka,,iztekati,Vmpr3s,VERB,O,,O
sl-69,11,6,.,,.,Z,PUNCT,O,,O
sl-69,12,1,Konec,,konec,Sg,ADP,O,,O
sl-69,12,2,leta,,leto,Ncnsg,NOUN,O,,O
sl-69,12,3,2019,,2019,Mdc,NUM,O,,O
sl-69,12,4,je,,biti,Va-r3s-n,VERB,O,,O
sl-69,12,5,pred,,pred,Si,ADP,O,,O
sl-69,12,6,vrati,,vrata,Ncnpi,NOUN,O,,O
sl-69,12,7,",",,",",Z,PUNCT,O,,O
sl-69,12,8,zato,,zato,Cc,CCONJ,O,,O
sl-69,12,9,moramo,,morati,Vmpr1p,VERB,O,,O
sl-69,12,10,delati,,delati,Vmpn,VERB,O,,O
sl-69,12,11,zelo,,zelo,Rgp,ADV,O,,O
sl-69,12,12,trdo,,trdo,Rgp,ADV,O,,O
sl-69,12,13,",",,",",Z,PUNCT,O,,O
sl-69,12,14,da,,da,Cs,SCONJ,O,,O
sl-69,12,15,bomo,,biti,Va-f1p-n,AUX,O,,O
sl-69,12,16,razjasnili,,razjasniti,Vmep-pm,VERB,O,,O
sl-69,12,17,",",,",",Z,PUNCT,O,,O
sl-69,12,18,ali,,ali,Rgp,ADV,O,,O
sl-69,12,19,bomo,,biti,Va-f1p-n,AUX,O,,O
sl-69,12,20,1.,,1.,Mdo,NUM,O,,O
sl-69,12,21,januarja,,januar,Ncmsg,NOUN,O,,O
sl-69,12,22,2020,,2020,Mdc,NUM,O,,O
sl-69,12,23,imeli,,imeti,Vmpp-pm,VERB,O,,O
sl-69,12,24,dolgoletni,,dolgoleten,Agpmsay,ADJ,O,,O
sl-69,12,25,dogovor,,dogovor,Ncmsan,NOUN,O,,O
sl-69,12,26,o,,o,Sl,ADP,O,,O
sl-69,12,27,prenosu,,prenos,Ncmsl,NOUN,O,,O
sl-69,12,28,plina,,plin,Ncmsg,NOUN,O,,O
sl-69,12,29,skozi,,skozi,Sa,ADP,O,,O
sl-69,12,30,Ukrajino,Ukrajina,Ukrajina,Npfsa,PROPN,B-LOC,GPE-Ukraine,B-LOC
sl-69,12,31,",",,",",Z,PUNCT,O,,O
sl-69,12,32,ki,,ki,Cs,SCONJ,O,,O
sl-69,12,33,bo,,biti,Va-f3s-n,AUX,O,,O
sl-69,12,34,tudi,,tudi,Q,PART,O,,O
sl-69,12,35,ekonomsko,,ekonomsko,Rgp,ADV,O,,O
sl-69,12,36,opravičljiv,,opravičljiv,Agpmsnn,ADJ,O,,O
sl-69,12,37,",",,",",Z,PUNCT,O,,O
sl-69,12,38,«,,«,Z,PUNCT,O,,O
sl-69,12,39,je,,biti,Va-r3s-n,AUX,O,,O
sl-69,12,40,relativno,,relativno,Rgp,ADV,O,,O
sl-69,12,41,kratek,,kratek,Agpmsan,ADJ,O,,O
sl-69,12,42,čas,,čas,Ncmsn,NOUN,O,,O
sl-69,12,43,za,,za,Sa,ADP,O,,O
sl-69,12,44,dosego,,dosega,Ncfsa,NOUN,O,,O
sl-69,12,45,dogovora,,dogovor,Ncmsg,NOUN,O,,O
sl-69,12,46,opisal,,opisati,Vmep-sm,VERB,O,,O
sl-69,12,47,podpredsednik,,podpredsednik,Ncmsn,NOUN,O,,O
sl-69,12,48,komisije,,komisija,Ncfsg,NOUN,O,,O
sl-69,12,49,Šefčovič,Šefčovič,Šefčovič,Npmsn,PROPN,B-PER,PER-Maros-Sefcovic,B-PER
sl-69,12,50,.,,.,Z,PUNCT,O,,O
sl-69,13,1,Na,,na,Sl,ADP,O,,O
sl-69,13,2,tnalu,,tnal,Ncmsl,NOUN,O,,O
sl-69,13,3,je,,biti,Va-r3s-n,AUX,O,,O
sl-69,13,4,tretjina,,tretjina,Ncfsn,NOUN,O,,O
sl-69,13,5,ruske,,ruski,Agpfsg,ADJ,O,,O
sl-69,13,6,oskrbe,,oskrba,Ncfsg,NOUN,O,,O
sl-69,13,7,z,,z,Si,ADP,O,,O
sl-69,13,8,zemeljskim,,zemeljski,Agpmsi,ADJ,O,,O
sl-69,13,9,plinom,,plin,Ncmsi,NOUN,O,,O
sl-69,13,10,za,,za,Sa,ADP,O,,O
sl-69,13,11,Evropsko,Evropska,evropski,Agpfsa,ADJ,B-ORG,ORG-European-Union,B-ORG
sl-69,13,12,unijo,unija,unija,Ncfsa,NOUN,I-ORG,ORG-European-Union,I-ORG
sl-69,13,13,",",,",",Z,PUNCT,O,,O
sl-69,13,14,ki,,ki,Cs,SCONJ,O,,O
sl-69,13,15,ta,,ta,Pd-msn,DET,O,,O
sl-69,13,16,čas,,čas,Ncmsan,NOUN,O,,O
sl-69,13,17,še,,še,Q,PART,O,,O
sl-69,13,18,poteka,,potekati,Vmpr3s,VERB,O,,O
sl-69,13,19,čez,,čez,Sa,ADP,O,,O
sl-69,13,20,ukrajinsko,Ukrajina,ukrajinski,Agpnsa,ADJ,B-LOC,GPE-Ukraine,B-LOC
sl-69,13,21,ozemlje,,ozemlje,Ncnsa,NOUN,O,,O
sl-69,13,22,.,,.,Z,PUNCT,O,,O
sl-69,14,1,Vprašljivo,,vprašljiv,Agpnsn,ADJ,O,,O
sl-69,14,2,pa,,pa,Cc,CCONJ,O,,O
sl-69,14,3,je,,biti,Va-r3s-n,AUX,O,,O
sl-69,14,4,",",,",",Z,PUNCT,O,,O
sl-69,14,5,ali,,ali,Rgp,ADV,O,,O
sl-69,14,6,bo,,biti,Va-f3s-n,AUX,O,,O
sl-69,14,7,sedanjih,,sedanji,Agpfpg,ADJ,O,,O
sl-69,14,8,93,,93,Mdc,NUM,O,,O
sl-69,14,9,milijard,,milijarda,Ncfpg,NOUN,O,,O
sl-69,14,10,kubičnih,,kubičen,Agpmpg,ADJ,O,,O
sl-69,14,11,metrov,,meter,Ncmpg,NOUN,O,,O
sl-69,14,12,pretočenega,,pretočen,Appmsg,ADJ,O,,O
sl-69,14,13,zemeljskega,,zemeljski,Agpmsg,ADJ,O,,O
sl-69,14,14,plina,,plin,Ncmsg,NOUN,O,,O
sl-69,14,15,čez,,čez,Sa,ADP,O,,O
sl-69,14,16,ukrajinsko,Ukrajina,ukrajinski,Agpnsa,ADJ,B-LOC,GPE-Ukraine,B-LOC
sl-69,14,17,ozemlje,,ozemlje,Ncnsa,NOUN,O,,O
sl-69,14,18,–,,–,Z,PUNCT,O,,O
sl-69,14,19,polovica,,polovica,Ncfsn,NOUN,O,,O
sl-69,14,20,letne,,leten,Agpfsg,ADJ,O,,O
sl-69,14,21,ruske,,ruski,Agpfsg,ADJ,O,,O
sl-69,14,22,prodaje,,prodaja,Ncfsg,NOUN,O,,O
sl-69,14,23,plina,,plin,Ncmsg,NOUN,O,,O
sl-69,14,24,v,,v,Sl,ADP,O,,O
sl-69,14,25,EU,EU,EU,Npfsl,PROPN,B-ORG,ORG-European-Union,B-ORG
sl-69,14,26,–,,–,Z,PUNCT,O,,O
sl-69,14,27,v,,v,Sa,ADP,O,,O
sl-69,14,28,prihodnje,,prihodnji,Agpnsa,ADJ,O,,O
sl-69,14,29,še,,še,Q,PART,O,,O
sl-69,14,30,obstalo,,obstati,Vmep-sn,VERB,O,,O
sl-69,14,31,.,,.,Z,PUNCT,O,,O
sl-69,15,1,Rusija,Rusija,Rusija,Npfsn,PROPN,B-LOC,GPE-Russia,B-LOC
sl-69,15,2,namreč,,namreč,Cc,CCONJ,O,,O
sl-69,15,3,zaradi,,zaradi,Sg,ADP,O,,O
sl-69,15,4,gradnje,,gradnja,Ncfsg,NOUN,O,,O
sl-69,15,5,plinovodov,,plinovod,Ncmpg,NOUN,O,,O
sl-69,15,6,Turški,Turški,turški,Agpmsny,ADJ,B-PRO,PRO-TurkStream,B-PRO
sl-69,15,7,tok,tok,tok,Ncmsn,NOUN,I-PRO,PRO-TurkStream,I-PRO
sl-69,15,8,preko,,preko,Sg,ADP,O,,O
sl-69,15,9,Črnega,Črno,črn,Agpnsg,ADJ,B-LOC,LOC-Black-Sea,B-LOC
sl-69,15,10,morja,morje,morje,Ncnsg,NOUN,I-LOC,LOC-Black-Sea,I-LOC
sl-69,15,11,in,,in,Cc,CCONJ,O,,O
sl-69,15,12,Severni,Severni,severen,Agpmsny,ADJ,B-PRO,PRO-Nord-Stream-2,B-PRO
sl-69,15,13,tok,tok,tok,Ncmsn,NOUN,I-PRO,PRO-Nord-Stream-2,I-PRO
sl-69,15,14,2,2,2,Mdc,NUM,I-PRO,PRO-Nord-Stream-2,I-PRO
sl-69,15,15,preko,,preko,Sg,ADP,O,,O
sl-69,15,16,Severnega,Severno,severen,Agpnsg,ADJ,B-LOC,LOC-North-Sea,B-LOC
sl-69,15,17,morja,morje,morje,Ncnsg,NOUN,I-LOC,LOC-North-Sea,I-LOC
sl-69,15,18,razmišlja,,razmišljati,Vmpr3s,VERB,O,,O
sl-69,15,19,o,,o,Sl,ADP,O,,O
sl-69,15,20,zmanjšanju,,zmanjšanje,Ncnsl,NOUN,O,,O
sl-69,15,21,dobave,,dobava,Ncfsg,NOUN,O,,O
sl-69,15,22,plina,,plin,Ncmsg,NOUN,O,,O
sl-69,15,23,čez,,čez,Sa,ADP,O,,O
sl-69,15,24,ukrajinsko,Ukrajina,ukrajinski,Agpnsa,ADJ,B-LOC,GPE-Ukraine,B-LOC
sl-69,15,25,ozemlje,,ozemlje,Ncnsa,NOUN,O,,O
sl-69,15,26,.,,.,Z,PUNCT,O,,O
sl-69,16,1,Aleksej,Aleksej,Aleksej,Npmsn,PROPN,B-PER,PER-Aleksey-Miller,B-PER
sl-69,16,2,Miller,Miller,Miller,Npmsn,PROPN,I-PER,PER-Aleksey-Miller,I-PER
sl-69,16,3,je,,biti,Va-r3s-n,AUX,O,,O
sl-69,16,4,v,,v,Sl,ADP,O,,O
sl-69,16,5,preteklosti,,preteklost,Ncfsl,NOUN,O,,O
sl-69,16,6,že,,že,Q,PART,O,,O
sl-69,16,7,nakazal,,nakazati,Vmep-sm,VERB,O,,O
sl-69,16,8,",",,",",Z,PUNCT,O,,O
sl-69,16,9,da,,da,Cs,SCONJ,O,,O
sl-69,16,10,bi,,biti,Va-c,AUX,O,,O
sl-69,16,11,lahko,,lahko,Rgp,ADV,O,,O
sl-69,16,12,čez,,čez,Sa,ADP,O,,O
sl-69,16,13,ukrajinsko,Ukrajina,ukrajinski,Agpnsa,ADJ,B-LOC,GPE-Ukraine,B-LOC
sl-69,16,14,ozemlje,,ozemlje,Ncnsa,NOUN,O,,O
sl-69,16,15,v,,v,Sl,ADP,O,,O
sl-69,16,16,EU,EU,EU,Npfsl,PROPN,B-ORG,ORG-European-Union,B-ORG
sl-69,16,17,dobavljali,,dobavljati,Vmpp-pm,VERB,O,,O
sl-69,16,18,le,,le,Q,PART,O,,O
sl-69,16,19,še,,še,Q,PART,O,,O
sl-69,16,20,10,,10,Mdc,NUM,O,,O
sl-69,16,21,do,,do,Sg,ADP,O,,O
sl-69,16,22,15,,15,Mdc,NUM,O,,O
sl-69,16,23,milijard,,milijarda,Ncfpg,NOUN,O,,O
sl-69,16,24,kubičnih,,kubičen,Agpmpg,ADJ,O,,O
sl-69,16,25,metrov,,meter,Ncmpg,NOUN,O,,O
sl-69,16,26,plina,,plin,Ncmsg,NOUN,O,,O
sl-69,16,27,na,,na,Sa,ADP,O,,O
sl-69,16,28,leto,,leto,Ncnsa,NOUN,O,,O
sl-69,16,29,.,,.,Z,PUNCT,O,,O
sl-69,17,1,Zmanjšana,,zmanjšan,Appfsn,ADJ,O,,O
sl-69,17,2,dobava,,dobava,Ncfsn,NOUN,O,,O
sl-69,17,3,bi,,biti,Va-c,AUX,O,,O
sl-69,17,4,ukrajinski,Ukrajina,ukrajinski,Agpmsay,ADJ,B-LOC,GPE-Ukraine,B-LOC
sl-69,17,5,proračun,,proračun,Ncmsan,NOUN,O,,O
sl-69,17,6,udarila,,udariti,Vmep-sf,VERB,O,,O
sl-69,17,7,s,,z,Si,ADP,O,,O
sl-69,17,8,precejšnjimi,,precejšnji,Agpfpi,ADJ,O,,O
sl-69,17,9,izgubami,,izguba,Ncfpi,NOUN,O,,O
sl-69,17,10,zaradi,,zaradi,Sg,ADP,O,,O
sl-69,17,11,upadlih,,upadel,Appmpg,ADJ,O,,O
sl-69,17,12,tranzitnih,,tranziten,Agpmpg,ADJ,O,,O
sl-69,17,13,prihodkov,,prihodek,Ncmpg,NOUN,O,,O
sl-69,17,14,.,,.,Z,PUNCT,O,,O
sl-69,18,1,Ti,,ta,Pd-mpn,DET,O,,O
sl-69,18,2,zdaj,ZDA,zdaj,Rgp,ADV,B-LOC,GPE-USA,O
sl-69,18,3,prispevajo,,prispevati,Vmbr3p,VERB,O,,O
sl-69,18,4,približno,,približno,Rgp,ADV,O,,O
sl-69,18,5,3,,3,Mdc,NUM,O,,O
sl-69,18,6,odstotke,,odstotek,Ncmpa,NOUN,O,,O
sl-69,18,7,BDP,,BDP,Ncmsg,NOUN,O,,O
sl-69,18,8,oziroma,,oziroma,Cc,CCONJ,O,,O
sl-69,18,9,slabe,,slab,Agpfsg,ADJ,O,,O
sl-69,18,10,tri,,trije,Mlcfpa,NUM,O,,O
sl-69,18,11,milijarde,,milijarda,Ncfpa,NOUN,O,,O
sl-69,18,12,dolarjev,,dolar,Ncmpg,NOUN,O,,O
sl-69,18,13,.,,.,Z,PUNCT,O,,O
sl-69,19,1,Nova,,nov,Agpnpa,ADJ,O,,O
sl-69,19,2,pogajanja,,pogajanje,Ncnpa,NOUN,O,,O
sl-69,19,3,bremeni,,bremeniti,Vmpr3s,VERB,O,,O
sl-69,19,4,arbitražni,,arbitražen,Agpmsay,ADJ,O,,O
sl-69,19,5,spor,,spor,Ncmsn,NOUN,O,,O
sl-69,20,1,Medtem,,medtem,Rgp,ADV,O,,O
sl-69,20,2,ko,,ko,Cs,SCONJ,O,,O
sl-69,20,3,Rusija,Rusija,Rusija,Npfsn,PROPN,B-LOC,GPE-Russia,B-LOC
sl-69,20,4,tudi,,tudi,Q,PART,O,,O
sl-69,20,5,v,,v,Sl,ADP,O,,O
sl-69,20,6,poletnih,,poleten,Agpmpl,ADJ,O,,O
sl-69,20,7,mesecih,,mesec,Ncmpl,NOUN,O,,O
sl-69,20,8,dosega,,dosegati,Vmpr3s,VERB,O,,O
sl-69,20,9,rekordno,,rekorden,Agpfsa,ADJ,O,,O
sl-69,20,10,prodajo,,prodaja,Ncfsa,NOUN,O,,O
sl-69,20,11,plina,,plin,Ncmsg,NOUN,O,,O
sl-69,20,12,v,,v,Sl,ADP,O,,O
sl-69,20,13,EU,EU,EU,Npfsl,PROPN,B-ORG,ORG-European-Union,B-ORG
sl-69,20,14,in,,in,Cc,CCONJ,O,,O
sl-69,20,15,išče,,iskati,Vmpr3s,VERB,O,,O
sl-69,20,16,nove,,nov,Agpfpa,ADJ,O,,O
sl-69,20,17,poti,,pot,Ncfpa,NOUN,O,,O
sl-69,20,18,za,,za,Sa,ADP,O,,O
sl-69,20,19,oskrbo,,oskrba,Ncfsa,NOUN,O,,O
sl-69,20,20,Evrope,Evropa,Evropa,Npfsg,PROPN,B-LOC,LOC-Europe,B-LOC
sl-69,20,21,",",,",",Z,PUNCT,O,,O
sl-69,20,22,pa,,pa,Cc,CCONJ,O,,O
sl-69,20,23,Evropski,Evropska,evropski,Agpfsd,ADJ,B-ORG,ORG-European-Union,B-ORG
sl-69,20,24,uniji,unija,unija,Ncfsd,NOUN,I-ORG,ORG-European-Union,I-ORG
sl-69,20,25,ostaja,,ostajati,Vmpr3s,VERB,O,,O
sl-69,20,26,v,,v,Sl,ADP,O,,O
sl-69,20,27,interesu,,interes,Ncmsl,NOUN,O,,O
sl-69,20,28,",",,",",Z,PUNCT,O,,O
sl-69,20,29,da,,da,Cs,SCONJ,O,,O
sl-69,20,30,Ukrajino,Ukrajina,Ukrajina,Npfsa,PROPN,B-LOC,GPE-Ukraine,B-LOC
sl-69,20,31,ohrani,,ohraniti,Vmer3s,VERB,O,,O
sl-69,20,32,na,,na,Sl,ADP,O,,O
sl-69,20,33,ruskem,,ruski,Agpmsl,ADJ,O,,O
sl-69,20,34,energetskem,,energetski,Agpmsl,ADJ,O,,O
sl-69,20,35,zemljevidu,,zemljevid,Ncmsl,NOUN,O,,O
sl-69,20,36,.,,.,Z,PUNCT,O,,O
sl-69,21,1,»,,»,Z,PUNCT,O,,O
sl-69,21,2,Rusija,Rusija,Rusija,Npfsn,PROPN,B-LOC,GPE-Russia,B-LOC
sl-69,21,3,želi,,želeti,Vmpr3s,VERB,O,,O
sl-69,21,4,ostati,,ostati,Vmen,VERB,O,,O
sl-69,21,5,zanesljiv,,zanesljiv,Agpmsnn,ADJ,O,,O
sl-69,21,6,dobavitelj,,dobavitelj,Ncmsn,NOUN,O,,O
sl-69,21,7,",",,",",Z,PUNCT,O,,O
sl-69,21,8,Ukrajina,Ukrajina,Ukrajina,Npfsn,PROPN,B-LOC,GPE-Ukraine,B-LOC
sl-69,21,9,pa,,pa,Cc,CCONJ,O,,O
sl-69,21,10,zanesljiva,,zanesljiv,Agpfsn,ADJ,O,,O
sl-69,21,11,država,,država,Ncfsn,NOUN,O,,O
sl-69,21,12,prenosa,,prenos,Ncmsg,NOUN,O,,O
sl-69,21,13,plina,,plin,Ncmsg,NOUN,O,,O
sl-69,21,14,",",,",",Z,PUNCT,O,,O
sl-69,21,15,«,,«,Z,PUNCT,O,,O
sl-69,21,16,je,,biti,Va-r3s-n,AUX,O,,O
sl-69,21,17,včeraj,,včeraj,Rgp,ADV,O,,O
sl-69,21,18,svoje,,svoj,Px-fpa,DET,O,,O
sl-69,21,19,posredniške,,posredniški,Agpfpa,ADJ,O,,O
sl-69,21,20,veščine,,veščina,Ncfpa,NOUN,O,,O
sl-69,21,21,že,,že,Q,PART,O,,O
sl-69,21,22,preizkušal,,preizkušati,Vmpp-sm,VERB,O,,O
sl-69,21,23,Šefčovič,Šefčovič,Šefčovič,Npmsn,PROPN,B-PER,PER-Maros-Sefcovic,B-PER
sl-69,21,24,in,,in,Cc,CCONJ,O,,O
sl-69,21,25,napovedal,,napovedati,Vmep-sm,VERB,O,,O
sl-69,21,26,",",,",",Z,PUNCT,O,,O
sl-69,21,27,da,,da,Cs,SCONJ,O,,O
sl-69,21,28,namerava,,nameravati,Vmpr3s,VERB,O,,O
sl-69,21,29,evropska,evropska,evropski,Agpfsn,ADJ,B-ORG,ORG-European-Commission,B-ORG
sl-69,21,30,komisija,komisija,komisija,Ncfsn,NOUN,I-ORG,ORG-European-Commission,I-ORG
sl-69,21,31,delovati,,delovati,Vmpn,VERB,O,,O
sl-69,21,32,kot,,kot,Cs,SCONJ,O,,O
sl-69,21,33,pošten,,pošten,Agpmsnn,ADJ,O,,O
sl-69,21,34,posrednik,,posrednik,Ncmsn,NOUN,O,,O
sl-69,21,35,.,,.,Z,PUNCT,O,,O
sl-69,22,1,»,,»,Z,PUNCT,O,,O
sl-69,22,2,Pred,,pred,Si,ADP,O,,O
sl-69,22,3,nami,,jaz,Pp1-pi,PRON,O,,O
sl-69,22,4,so,,biti,Va-r3p-n,AUX,O,,O
sl-69,22,5,zelo,,zelo,Rgp,ADV,O,,O
sl-69,22,6,kompleksna,,kompleksen,Agpnpn,ADJ,O,,O
sl-69,22,7,in,,in,Cc,CCONJ,O,,O
sl-69,22,8,naporna,,naporen,Agpnpn,ADJ,O,,O
sl-69,22,9,pogajanja,,pogajanje,Ncnpn,NOUN,O,,O
sl-69,22,10,.,,.,Z,PUNCT,O,,O
sl-69,23,1,Potrebna,,potreben,Agpfsn,ADJ,O,,O
sl-69,23,2,bo,,biti,Va-f3s-n,AUX,O,,O
sl-69,23,3,zavzetost,,zavzetost,Ncfsn,NOUN,O,,O
sl-69,23,4,",",,",",Z,PUNCT,O,,O
sl-69,23,5,pogajanj,,pogajanje,Ncnpg,NOUN,O,,O
sl-69,23,6,se,,se,Px------y,PRON,O,,O
sl-69,23,7,strani,,stran,Ncfdn,NOUN,O,,O
sl-69,23,8,ne,,ne,Q,PART,O,,O
sl-69,23,9,bosta,,biti,Va-f3d-n,AUX,O,,O
sl-69,23,10,smeli,,smeti,Vmpp-df,VERB,O,,O
sl-69,23,11,lotevati,,lotevati,Vmpn,VERB,O,,O
sl-69,23,12,sovražno,,sovražno,Rgp,ADV,O,,O
sl-69,23,13,naravnani,,naravnan,Appfdn,ADJ,O,,O
sl-69,23,14,",",,",",Z,PUNCT,O,,O
sl-69,23,15,«,,«,Z,PUNCT,O,,O
sl-69,23,16,je,,biti,Va-r3s-n,AUX,O,,O
sl-69,23,17,podaril,,podariti,Vmep-sm,VERB,O,,O
sl-69,23,18,podpredsednik,,podpredsednik,Ncmsn,NOUN,O,,O
sl-69,23,19,komisije,,komisija,Ncfsg,NOUN,O,,O
sl-69,23,20,.,,.,Z,PUNCT,O,,O
sl-69,24,1,Pogajanja,,pogajanje,Ncnpn,NOUN,O,,O
sl-69,24,2,pa,,pa,Cc,CCONJ,O,,O
sl-69,24,3,ne,,ne,Q,PART,O,,O
sl-69,24,4,bodo,,biti,Va-f3p-n,AUX,O,,O
sl-69,24,5,težavna,,težaven,Agpnpn,ADJ,O,,O
sl-69,24,6,zgolj,,zgolj,Q,PART,O,,O
sl-69,24,7,zato,,zato,Rgp,ADV,O,,O
sl-69,24,8,",",,",",Z,PUNCT,O,,O
sl-69,24,9,ker,,ker,Cs,SCONJ,O,,O
sl-69,24,10,se,,se,Px------y,PRON,O,,O
sl-69,24,11,morata,,morati,Vmpr3d,VERB,O,,O
sl-69,24,12,državi,,država,Ncfdn,NOUN,O,,O
sl-69,24,13,dogovoriti,,dogovoriti,Vmen,VERB,O,,O
sl-69,24,14,o,,o,Sl,ADP,O,,O
sl-69,24,15,obsegu,,obseg,Ncmsl,NOUN,O,,O
sl-69,24,16,prenosa,,prenos,Ncmsg,NOUN,O,,O
sl-69,24,17,plina,,plin,Ncmsg,NOUN,O,,O
sl-69,24,18,",",,",",Z,PUNCT,O,,O
sl-69,24,19,taksah,,taksa,Ncfpl,NOUN,O,,O
sl-69,24,20,in,,in,Cc,CCONJ,O,,O
sl-69,24,21,ceni,,cena,Ncfsl,NOUN,O,,O
sl-69,24,22,ukrajinskega,,ukrajinski,Agpmsg,ADJ,O,,O
sl-69,24,23,odkupa,,odkup,Ncmsg,NOUN,O,,O
sl-69,24,24,ruskega,,ruski,Agpmsg,ADJ,O,,O
sl-69,24,25,zemeljskega,,zemeljski,Agpmsg,ADJ,O,,O
sl-69,24,26,plina,,plin,Ncmsg,NOUN,O,,O
sl-69,24,27,v,,v,Sa,ADP,O,,O
sl-69,24,28,prihodnje,,prihodnji,Agpnsa,ADJ,O,,O
sl-69,24,29,.,,.,Z,PUNCT,O,,O
sl-69,25,1,Ob,,ob,Sl,ADP,O,,O
sl-69,25,2,globokem,,globok,Agpnsl,ADJ,O,,O
sl-69,25,3,političnem,,političen,Agpnsl,ADJ,O,,O
sl-69,25,4,nezaupanju,,nezaupanje,Ncnsl,NOUN,O,,O
sl-69,25,5,pogovore,,pogovor,Ncmpa,NOUN,O,,O
sl-69,25,6,bremenijo,,bremeniti,Vmpr3p,VERB,O,,O
sl-69,25,7,še,,še,Q,PART,O,,O
sl-69,25,8,ne,,ne,Q,PART,O,,O
sl-69,25,9,dokončno,,dokončno,Rgp,ADV,O,,O
sl-69,25,10,razrešeni,,razrešen,Appmpn,ADJ,O,,O
sl-69,25,11,plinski,,plinski,Agpmpn,ADJ,O,,O
sl-69,25,12,spori,,spor,Ncmpn,NOUN,O,,O
sl-69,25,13,med,,med,Si,ADP,O,,O
sl-69,25,14,državama,,država,Ncfdi,NOUN,O,,O
sl-69,25,15,",",,",",Z,PUNCT,O,,O
sl-69,25,16,ki,,ki,Cs,SCONJ,O,,O
sl-69,25,17,so,,biti,Va-r3p-n,AUX,O,,O
sl-69,25,18,pristali,,pristati,Vmep-pm,VERB,O,,O
sl-69,25,19,pred,,pred,Si,ADP,O,,O
sl-69,25,20,arbitražnim,arbitražno,arbitražen,Agpnsi,ADJ,B-ORG,ORG-Arbitration-Institute-of-the-Stockholm-Chamber-of-Commerce,B-ORG
sl-69,25,21,sodiščem,sodišče,sodišče,Ncnsi,NOUN,I-ORG,ORG-Arbitration-Institute-of-the-Stockholm-Chamber-of-Commerce,I-ORG
sl-69,25,22,stockholmske,stockholmske,stockholmski,Agpfsg,ADJ,I-ORG,ORG-Arbitration-Institute-of-the-Stockholm-Chamber-of-Commerce,I-ORG
sl-69,25,23,gospodarske,gospodarske,gospodarski,Agpfsg,ADJ,I-ORG,ORG-Arbitration-Institute-of-the-Stockholm-Chamber-of-Commerce,I-ORG
sl-69,25,24,zbornice,zbornice,zbornica,Ncfsg,NOUN,I-ORG,ORG-Arbitration-Institute-of-the-Stockholm-Chamber-of-Commerce,I-ORG
sl-69,25,25,",",,",",Z,PUNCT,O,,O
sl-69,25,26,kjer,,kjer,Cs,SCONJ,O,,O
sl-69,25,27,sta,,biti,Va-r3d-n,AUX,O,,O
sl-69,25,28,državi,,država,Ncfdn,NOUN,O,,O
sl-69,25,29,vložili,,vložiti,Vmep-df,VERB,O,,O
sl-69,25,30,tožbo,,tožba,Ncfsa,NOUN,O,,O
sl-69,25,31,druga,,drug,Mlpfsn,ADJ,O,,O
sl-69,25,32,proti,,proti,Sd,ADP,O,,O
sl-69,25,33,drugi,,drug,Mlpfsd,ADJ,O,,O
sl-69,25,34,.,,.,Z,PUNCT,O,,O
sl-69,26,1,Po,,po,Sl,ADP,O,,O
sl-69,26,2,več,,več,Rgc,DET,O,,O
sl-69,26,3,letih,,leto,Ncnpl,NOUN,O,,O
sl-69,26,4,presojanja,,presojanje,Ncnsg,NOUN,O,,O
sl-69,26,5,je,,biti,Va-r3s-n,AUX,O,,O
sl-69,26,6,januarja,,januar,Ncmsg,NOUN,O,,O
sl-69,26,7,letos,,letos,Rgp,ADV,O,,O
sl-69,26,8,arbitražno,,arbitražen,Agpnsn,ADJ,O,,O
sl-69,26,9,sodišče,,sodišče,Ncnsn,NOUN,O,,O
sl-69,26,10,Gazpromu,Gazprom,Gazprom,Npmsd,PROPN,B-ORG,ORG-Gazprom,B-ORG
sl-69,26,11,naložilo,,naložiti,Vmep-sn,VERB,O,,O
sl-69,26,12,plačilo,,plačilo,Ncnsa,NOUN,O,,O
sl-69,26,13,"2,56",,"2,56",Mdc,NUM,O,,O
sl-69,26,14,milijarde,,milijarda,Ncfsg,NOUN,O,,O
sl-69,26,15,dolarjev,,dolar,Ncmpg,NOUN,O,,O
sl-69,26,16,kazni,,kazen,Ncfsg,NOUN,O,,O
sl-69,26,17,",",,",",Z,PUNCT,O,,O
sl-69,26,18,ker,,ker,Cs,SCONJ,O,,O
sl-69,26,19,med,,med,Si,ADP,O,,O
sl-69,26,20,plinsko,,plinski,Agpfsi,ADJ,O,,O
sl-69,26,21,krizo,,kriza,Ncfsi,NOUN,O,,O
sl-69,26,22,v,,v,Sa,ADP,O,,O
sl-69,26,23,Ukrajino,Ukrajina,Ukrajina,Npfsa,PROPN,B-LOC,GPE-Ukraine,B-LOC
sl-69,26,24,ni,,biti,Va-r3s-y,AUX,O,,O
sl-69,26,25,dostavil,,dostaviti,Vmep-sm,VERB,O,,O
sl-69,26,26,pogodbeno,,pogodbeno,Rgp,ADV,O,,O
sl-69,26,27,dogovorjenih,,dogovorjen,Appfpg,ADJ,O,,O
sl-69,26,28,količin,,količina,Ncfpg,NOUN,O,,O
sl-69,26,29,zemeljskega,,zemeljski,Agpmsg,ADJ,O,,O
sl-69,26,30,plina,,plin,Ncmsg,NOUN,O,,O
sl-69,26,31,.,,.,Z,PUNCT,O,,O
sl-69,27,1,Ukrajini,Ukrajina,Ukrajina,Npfsd,PROPN,B-LOC,GPE-Ukraine,B-LOC
sl-69,27,2,pa,,pa,Cc,CCONJ,O,,O
sl-69,27,3,je,,biti,Va-r3s-n,AUX,O,,O
sl-69,27,4,sodišče,,sodišče,Ncnsn,NOUN,O,,O
sl-69,27,5,naložilo,,naložiti,Vmep-sn,VERB,O,,O
sl-69,27,6,",",,",",Z,PUNCT,O,,O
sl-69,27,7,da,,da,Cs,SCONJ,O,,O
sl-69,27,8,mora,,morati,Vmpr3s,VERB,O,,O
sl-69,27,9,do,,do,Sg,ADP,O,,O
sl-69,27,10,preteka,,pretek,Ncmsg,NOUN,O,,O
sl-69,27,11,pogodbe,,pogodba,Ncfsg,NOUN,O,,O
sl-69,27,12,z,,z,Si,ADP,O,,O
sl-69,27,13,Rusijo,Rusija,Rusija,Npfsi,PROPN,B-LOC,GPE-Russia,B-LOC
sl-69,27,14,odkupiti,,odkupiti,Vmen,VERB,O,,O
sl-69,27,15,od,,od,Sg,ADP,O,,O
sl-69,27,16,4,,4,Mdc,NUM,O,,O
sl-69,27,17,do,,do,Sg,ADP,O,,O
sl-69,27,18,5,,5,Mdc,NUM,O,,O
sl-69,27,19,milijard,,milijarda,Ncfpg,NOUN,O,,O
sl-69,27,20,kubičnih,,kubičen,Agpmpg,ADJ,O,,O
sl-69,27,21,metrov,,meter,Ncmpg,NOUN,O,,O
sl-69,27,22,ruskega,,ruski,Agpmsg,ADJ,O,,O
sl-69,27,23,plina,,plin,Ncmsg,NOUN,O,,O
sl-69,27,24,na,,na,Sa,ADP,O,,O
sl-69,27,25,leto,,leto,Ncnsa,NOUN,O,,O
sl-69,27,26,",",,",",Z,PUNCT,O,,O
sl-69,27,27,četudi,,četudi,Cs,SCONJ,O,,O
sl-69,27,28,po,,po,Sl,ADP,O,,O
sl-69,27,29,višjih,,visok,Agcfpl,ADJ,O,,O
sl-69,27,30,cenah,,cena,Ncfpl,NOUN,O,,O
sl-69,27,31,",",,",",Z,PUNCT,O,,O
sl-69,27,32,kot,,kot,Cs,SCONJ,O,,O
sl-69,27,33,bi,,biti,Va-c,AUX,O,,O
sl-69,27,34,lahko,,lahko,Rgp,ADV,O,,O
sl-69,27,35,plin,,plin,Ncmsan,NOUN,O,,O
sl-69,27,36,dobili,,dobiti,Vmep-pm,VERB,O,,O
sl-69,27,37,pri,,pri,Sl,ADP,O,,O
sl-69,27,38,drugih,,drug,Mlpmpl,ADJ,O,,O
sl-69,27,39,dobaviteljih,,dobavitelj,Ncmpl,NOUN,O,,O
sl-69,27,40,.,,.,Z,PUNCT,O,,O
sl-69,28,1,A,,a,Cc,CCONJ,O,,O
sl-69,28,2,ta,,ta,Pd-fsn,DET,O,,O
sl-69,28,3,odločitev,,odločitev,Ncfsn,NOUN,O,,O
sl-69,28,4,arbitražnega,,arbitražen,Agpnsg,ADJ,O,,O
sl-69,28,5,sodišča,,sodišče,Ncnsg,NOUN,O,,O
sl-69,28,6,plinske,,plinski,Agpfsg,ADJ,O,,O
sl-69,28,7,sage,,saga,Ncfsg,NOUN,O,,O
sl-69,28,8,med,,med,Si,ADP,O,,O
sl-69,28,9,Ukrajino,Ukrajina,Ukrajina,Npfsi,PROPN,B-LOC,GPE-Ukraine,B-LOC
sl-69,28,10,in,,in,Cc,CCONJ,O,,O
sl-69,28,11,Rusijo,Rusija,Rusija,Npfsi,PROPN,B-LOC,GPE-Russia,B-LOC
sl-69,28,12,ni,,biti,Va-r3s-y,AUX,O,,O
sl-69,28,13,končala,,končati,Vmep-sf,VERB,O,,O
sl-69,28,14,.,,.,Z,PUNCT,O,,O
sl-69,29,1,Rusija,Rusija,Rusija,Npfsn,PROPN,B-LOC,GPE-Russia,B-LOC
sl-69,29,2,arbitražne,,arbitražen,Agpfsg,ADJ,O,,O
sl-69,29,3,odločitve,,odločitev,Ncfsg,NOUN,O,,O
sl-69,29,4,noče,,hoteti,Vmpr3s-y,VERB,O,,O
sl-69,29,5,sprejeti,,sprejeti,Vmen,VERB,O,,O
sl-69,29,6,in,,in,Cc,CCONJ,O,,O
sl-69,29,7,se,,se,Px------y,PRON,O,,O
sl-69,29,8,je,,biti,Va-r3s-n,AUX,O,,O
sl-69,29,9,nanjo,,name,Pp3fsa--b,PRON,O,,O
sl-69,29,10,pritožila,,pritožiti,Vmep-sf,VERB,O,,O
sl-69,29,11,.,,.,Z,PUNCT,O,,O
sl-69,30,1,Ukrajina,Ukrajina,Ukrajina,Npfsn,PROPN,B-LOC,GPE-Ukraine,B-LOC
sl-69,30,2,jo,,on,Pp3fsa--y,PRON,O,,O
sl-69,30,3,je,,biti,Va-r3s-n,AUX,O,,O
sl-69,30,4,medtem,,medtem,Rgp,ADV,O,,O
sl-69,30,5,že,,že,Q,PART,O,,O
sl-69,30,6,začela,,začeti,Vmep-sf,VERB,O,,O
sl-69,30,7,uveljavljati,,uveljavljati,Vmpn,VERB,O,,O
sl-69,30,8,–,,–,Z,PUNCT,O,,O
sl-69,30,9,v,,v,Sl,ADP,O,,O
sl-69,30,10,skladu,,sklad,Ncmsl,NOUN,O,,O
sl-69,30,11,z,,z,Si,ADP,O,,O
sl-69,30,12,mednarodnim,,mednaroden,Agpnsi,ADJ,O,,O
sl-69,30,13,pravom,,pravo,Ncnsi,NOUN,O,,O
sl-69,30,14,je,,biti,Va-r3s-n,AUX,O,,O
sl-69,30,15,v,,v,Sl,ADP,O,,O
sl-69,30,16,več,,več,Rgc,DET,O,,O
sl-69,30,17,državah,,država,Ncfpl,NOUN,O,,O
sl-69,30,18,na,,na,Sa,ADP,O,,O
sl-69,30,19,sodišča,,sodišče,Ncnpa,NOUN,O,,O
sl-69,30,20,vložila,,vložiti,Vmep-sf,VERB,O,,O
sl-69,30,21,zahtevo,,zahteva,Ncfsa,NOUN,O,,O
sl-69,30,22,",",,",",Z,PUNCT,O,,O
sl-69,30,23,da,,da,Cs,SCONJ,O,,O
sl-69,30,24,na,,na,Sl,ADP,O,,O
sl-69,30,25,podlagi,,podlaga,Ncfsl,NOUN,O,,O
sl-69,30,26,razsodbe,,razsodba,Ncfsg,NOUN,O,,O
sl-69,30,27,za,,za,Sa,ADP,O,,O
sl-69,30,28,poplačilo,,poplačilo,Ncnsa,NOUN,O,,O
sl-69,30,29,obveznosti,,obveznost,Ncfpg,NOUN,O,,O
sl-69,30,30,zasežejo,,zaseči,Vmer3p,VERB,O,,O
sl-69,30,31,imetje,,imetje,Ncnsa,NOUN,O,,O
sl-69,30,32,Gazproma,Gazprom,Gazprom,Npmsg,PROPN,B-ORG,ORG-Gazprom,B-ORG
sl-69,30,33,.,,.,Z,PUNCT,O,,O
sl-69,31,1,»,,»,Z,PUNCT,O,,O
sl-69,31,2,Današnji,,današnji,Agpmsny,ADJ,O,,O
sl-69,31,3,sestanek,,sestanek,Ncmsn,NOUN,O,,O
sl-69,31,4,je,,biti,Va-r3s-n,AUX,O,,O
sl-69,31,5,bil,,biti,Va-p-sm,AUX,O,,O
sl-69,31,6,pomemben,,pomemben,Agpmsnn,ADJ,O,,O
sl-69,31,7,za,,za,Sa,ADP,O,,O
sl-69,31,8,graditev,,graditev,Ncfsa,NOUN,O,,O
sl-69,31,9,zaupanja,,zaupanje,Ncnsg,NOUN,O,,O
sl-69,31,10,.,,.,Z,PUNCT,O,,O
sl-69,32,1,Prepričan,,prepričan,Appmsnn,ADJ,O,,O
sl-69,32,2,sem,,biti,Va-r1s-n,AUX,O,,O
sl-69,32,3,",",,",",Z,PUNCT,O,,O
sl-69,32,4,da,,da,Cs,SCONJ,O,,O
sl-69,32,5,bomo,,biti,Va-f1p-n,AUX,O,,O
sl-69,32,6,našli,,najti,Vmep-pm,VERB,O,,O
sl-69,32,7,zadovoljivo,,zadovoljiv,Agpfsa,ADJ,O,,O
sl-69,32,8,rešitev,,rešitev,Ncfsa,NOUN,O,,O
sl-69,32,9,za,,za,Sa,ADP,O,,O
sl-69,32,10,obe,,oba,Pg-fda,DET,O,,O
sl-69,32,11,strani,,stran,Ncfda,NOUN,O,,O
sl-69,32,12,",",,",",Z,PUNCT,O,,O
sl-69,32,13,«,,«,Z,PUNCT,O,,O
sl-69,32,14,je,,biti,Va-r3s-n,AUX,O,,O
sl-69,32,15,bil,,biti,Va-p-sm,AUX,O,,O
sl-69,32,16,zadovoljen,,zadovoljen,Agpmsnn,ADJ,O,,O
sl-69,32,17,Šefčovič,Šefčovič,Šefčovič,Npmsn,PROPN,B-PER,PER-Maros-Sefcovic,B-PER
sl-69,32,18,.,,.,Z,PUNCT,O,,O
sl-69,33,1,Pogajanja,,pogajanje,Ncnpn,NOUN,O,,O
sl-69,33,2,bodo,,biti,Va-f3p-n,AUX,O,,O
sl-69,33,3,potekala,,potekati,Vmpp-pn,VERB,O,,O
sl-69,33,4,vsakih,,vsak,Pg-mpg,DET,O,,O
sl-69,33,5,šest,,šest,Mlc-pa,NUM,O,,O
sl-69,33,6,do,,do,Sg,ADP,O,,O
sl-69,33,7,osem,,osem,Mlc-pa,NUM,O,,O
sl-69,33,8,tednov,,teden,Ncmpg,NOUN,O,,O
sl-69,33,9,",",,",",Z,PUNCT,O,,O
sl-69,33,10,izmenično,,izmenično,Rgp,ADV,O,,O
sl-69,33,11,pa,,pa,Cc,CCONJ,O,,O
sl-69,33,12,naj,,naj,Q,PART,O,,O
sl-69,33,13,bi,,biti,Va-c,AUX,O,,O
sl-69,33,14,se,,se,Px------y,PRON,O,,O
sl-69,33,15,pogajali,,pogajati,Vmpp-pm,VERB,O,,O
sl-69,33,16,na,,na,Sl,ADP,O,,O
sl-69,33,17,tehnični,,tehničen,Agpfsl,ADJ,O,,O
sl-69,33,18,in,,in,Cc,CCONJ,O,,O
sl-69,33,19,visoki,,visok,Agpfsl,ADJ,O,,O
sl-69,33,20,politični,,političen,Agpfsl,ADJ,O,,O
sl-69,33,21,ravni,,raven,Ncfsl,NOUN,O,,O
sl-69,33,22,.,,.,Z,PUNCT,O,,O
